Optimization step        Yield
0.000000000000000000e+00 3.265960000000000044e-03
1.000000000000000000e+00 3.209420000000000155e-03
2.000000000000000000e+00 3.650759999999999856e-03
3.000000000000000000e+00 5.257239999999999830e-03
4.000000000000000000e+00 3.906680000000000048e-03
5.000000000000000000e+00 4.266200000000000374e-03
6.000000000000000000e+00 4.144319999999999948e-03
7.000000000000000000e+00 4.706959999999999616e-03
8.000000000000000000e+00 5.504679999999999643e-03
9.000000000000000000e+00 6.982320000000000193e-03
1.000000000000000000e+01 7.179399999999999844e-03
1.100000000000000000e+01 7.668320000000000171e-03
1.200000000000000000e+01 9.325339999999999671e-03
1.300000000000000000e+01 1.034619999999999984e-02
1.400000000000000000e+01 1.013995999999999995e-02
1.500000000000000000e+01 1.213067999999999959e-02
1.600000000000000000e+01 1.224727999999999928e-02
1.700000000000000000e+01 1.788193999999999895e-02
1.800000000000000000e+01 1.618284000000000042e-02
1.900000000000000000e+01 1.805299999999999960e-02
2.000000000000000000e+01 2.016068000000000027e-02
2.100000000000000000e+01 1.866784000000000152e-02
2.200000000000000000e+01 1.703145999999999827e-02
2.300000000000000000e+01 1.500545999999999998e-02
2.400000000000000000e+01 1.851971999999999993e-02
2.500000000000000000e+01 1.659042000000000155e-02
2.600000000000000000e+01 1.973692000000000155e-02
2.700000000000000000e+01 2.254845999999999934e-02
2.800000000000000000e+01 3.039425999999999933e-02
2.900000000000000000e+01 5.151224000000000081e-02
3.000000000000000000e+01 9.402533999999999892e-02
3.100000000000000000e+01 4.121040999999999732e-01
3.200000000000000000e+01 5.147749400000000142e-01
3.300000000000000000e+01 6.591276400000000146e-01
3.400000000000000000e+01 6.914457200000000414e-01
3.500000000000000000e+01 8.246882399999999613e-01
3.600000000000000000e+01 8.880384399999999845e-01
3.700000000000000000e+01 9.100736400000000170e-01
3.800000000000000000e+01 9.320983600000000147e-01
3.900000000000000000e+01 9.379966800000000271e-01
4.000000000000000000e+01 9.466170200000000312e-01
4.100000000000000000e+01 9.456538199999999783e-01
4.200000000000000000e+01 9.561715600000000315e-01
4.300000000000000000e+01 9.218075199999999914e-01
4.400000000000000000e+01 9.454840399999999700e-01
4.500000000000000000e+01 9.552970400000000417e-01
4.600000000000000000e+01 9.359728999999999965e-01
4.700000000000000000e+01 9.283352000000000270e-01
4.800000000000000000e+01 9.080926999999999749e-01
4.900000000000000000e+01 9.241956199999999955e-01
5.000000000000000000e+01 9.476353600000000377e-01
5.100000000000000000e+01 9.441802400000000040e-01
5.200000000000000000e+01 9.628807799999999917e-01
5.300000000000000000e+01 9.596315399999999496e-01
5.400000000000000000e+01 9.658311400000000324e-01
5.500000000000000000e+01 9.644692200000000160e-01
5.600000000000000000e+01 9.601546199999999587e-01
5.700000000000000000e+01 9.537427400000000333e-01
5.800000000000000000e+01 9.537552799999999831e-01
5.900000000000000000e+01 9.525628600000000112e-01
6.000000000000000000e+01 9.543793400000000204e-01
6.100000000000000000e+01 9.600051400000000346e-01
6.200000000000000000e+01 9.594594800000000312e-01
6.300000000000000000e+01 9.637903399999999676e-01
6.400000000000000000e+01 9.716011399999999743e-01
6.500000000000000000e+01 9.688327199999999806e-01
6.600000000000000000e+01 9.662088800000000477e-01
6.700000000000000000e+01 9.660342600000000335e-01
6.800000000000000000e+01 9.747888599999999792e-01
6.900000000000000000e+01 9.778407199999999966e-01
7.000000000000000000e+01 9.779868999999999923e-01
7.100000000000000000e+01 9.773192200000000440e-01
7.200000000000000000e+01 9.705626200000000425e-01
7.300000000000000000e+01 9.743741799999999786e-01
7.400000000000000000e+01 9.796820200000000423e-01
7.500000000000000000e+01 9.783778600000000436e-01
7.600000000000000000e+01 9.749137399999999731e-01
7.700000000000000000e+01 9.777611800000000075e-01
7.800000000000000000e+01 9.752083200000000174e-01
7.900000000000000000e+01 9.742304000000000519e-01
8.000000000000000000e+01 9.610203000000000495e-01
