Optimization step        Yield
0.000000000000000000e+00 2.826340000000000102e-03
1.000000000000000000e+00 2.403320000000000022e-03
2.000000000000000000e+00 2.925099999999999922e-03
3.000000000000000000e+00 2.429939999999999791e-03
4.000000000000000000e+00 2.632139999999999827e-03
5.000000000000000000e+00 3.706839999999999875e-03
6.000000000000000000e+00 3.967219999999999601e-03
7.000000000000000000e+00 3.315859999999999901e-03
8.000000000000000000e+00 4.480900000000000334e-03
9.000000000000000000e+00 5.139999999999999604e-03
1.000000000000000000e+01 6.204340000000000029e-03
1.100000000000000000e+01 5.790199999999999687e-03
1.200000000000000000e+01 6.369200000000000209e-03
1.300000000000000000e+01 6.361860000000000431e-03
1.400000000000000000e+01 7.572620000000000393e-03
1.500000000000000000e+01 9.379000000000000184e-03
1.600000000000000000e+01 8.472000000000000364e-03
1.700000000000000000e+01 6.629419999999999584e-03
1.800000000000000000e+01 7.034099999999999728e-03
1.900000000000000000e+01 7.213660000000000211e-03
2.000000000000000000e+01 9.174560000000000007e-03
2.100000000000000000e+01 9.117959999999999607e-03
2.200000000000000000e+01 9.734299999999999550e-03
2.300000000000000000e+01 9.178920000000000134e-03
2.400000000000000000e+01 7.861760000000000623e-03
2.500000000000000000e+01 7.666280000000000143e-03
2.600000000000000000e+01 8.290799999999999212e-03
2.700000000000000000e+01 7.597099999999999860e-03
2.800000000000000000e+01 8.539220000000000144e-03
2.900000000000000000e+01 4.928799999999999674e-03
3.000000000000000000e+01 5.869019999999999966e-03
3.100000000000000000e+01 5.957340000000000205e-03
3.200000000000000000e+01 8.574999999999999289e-03
3.300000000000000000e+01 1.073200000000000022e-02
3.400000000000000000e+01 8.618819999999999260e-03
3.500000000000000000e+01 8.864920000000000092e-03
3.600000000000000000e+01 8.894000000000000863e-03
3.700000000000000000e+01 7.507179999999999583e-03
3.800000000000000000e+01 9.950040000000000273e-03
3.900000000000000000e+01 7.912080000000000155e-03
4.000000000000000000e+01 9.823780000000000706e-03
4.100000000000000000e+01 8.060559999999999600e-03
4.200000000000000000e+01 9.493279999999999774e-03
4.300000000000000000e+01 8.821439999999999837e-03
4.400000000000000000e+01 7.369679999999999981e-03
4.500000000000000000e+01 8.263780000000000084e-03
4.600000000000000000e+01 1.132103999999999923e-02
4.700000000000000000e+01 1.531901999999999917e-02
4.800000000000000000e+01 1.662734000000000087e-02
4.900000000000000000e+01 1.214166000000000030e-02
5.000000000000000000e+01 1.487302000000000068e-02
5.100000000000000000e+01 1.888217999999999841e-02
5.200000000000000000e+01 2.640253999999999865e-02
5.300000000000000000e+01 2.993863999999999900e-02
5.400000000000000000e+01 3.119792000000000051e-02
5.500000000000000000e+01 3.335562000000000249e-02
5.600000000000000000e+01 4.322932000000000163e-02
5.700000000000000000e+01 4.907105999999999968e-02
5.800000000000000000e+01 4.952182000000000112e-02
5.900000000000000000e+01 3.900943999999999939e-02
6.000000000000000000e+01 3.775661999999999768e-02
6.100000000000000000e+01 6.270401999999999920e-02
6.200000000000000000e+01 1.022891600000000040e-01
6.300000000000000000e+01 1.033085200000000009e-01
6.400000000000000000e+01 3.244353799999999954e-01
6.500000000000000000e+01 7.316659599999999486e-01
6.600000000000000000e+01 8.476827200000000007e-01
6.700000000000000000e+01 9.267965999999999704e-01
6.800000000000000000e+01 9.338582199999999611e-01
6.900000000000000000e+01 9.113691999999999904e-01
7.000000000000000000e+01 8.590209199999999656e-01
7.100000000000000000e+01 9.092218600000000484e-01
7.200000000000000000e+01 9.437194599999999545e-01
7.300000000000000000e+01 9.524092600000000353e-01
7.400000000000000000e+01 9.552597000000000449e-01
7.500000000000000000e+01 9.577817600000000375e-01
7.600000000000000000e+01 9.584853599999999529e-01
7.700000000000000000e+01 9.599541799999999903e-01
7.800000000000000000e+01 9.521404999999999452e-01
7.900000000000000000e+01 9.368019400000000552e-01
8.000000000000000000e+01 9.550785600000000208e-01
