#### 15 D_ij parameters as a function of optimization steps, unraveled to 1D ####
4.000000000000000000e+00
4.000000000000000000e+00
4.000000000000000000e+00
4.000000000000000000e+00
4.000000000000000000e+00
4.000000000000000000e+00
4.000000000000000000e+00
4.000000000000000000e+00
4.000000000000000000e+00
4.000000000000000000e+00
4.000000000000000000e+00
4.000000000000000000e+00
4.000000000000000000e+00
4.000000000000000000e+00
4.000000000000000000e+00
3.970892443614974177e+00
3.976108014870312957e+00
4.109667587205932726e+00
3.959091862378035565e+00
3.951382217595487578e+00
4.200000002980232239e+00
4.136166256394559149e+00
4.031166819996684580e+00
3.916114109018935530e+00
4.073296181116193182e+00
3.948680310823738271e+00
4.007418103000704335e+00
4.090778009884385114e+00
3.984351374372388399e+00
3.959181060433706989e+00
4.134564069846151213e+00
4.060356945774576509e+00
4.020372777795725661e+00
4.096047495869812316e+00
3.991019177374472093e+00
4.153192000064102274e+00
4.190808187907661519e+00
4.181072656173428825e+00
3.972193481574882057e+00
4.043561583622570232e+00
3.958767230897837663e+00
3.985262249386537725e+00
4.093380906958597798e+00
3.910005643636200734e+00
4.033056613304816906e+00
4.086615934209373080e+00
4.153713018877708052e+00
4.169393231451754112e+00
4.020906893541434712e+00
4.120514997732224849e+00
4.399056981997148341e+00
4.208317736804002784e+00
4.145313863033836199e+00
4.020029979187471625e+00
4.051675729173779494e+00
4.169418481143561728e+00
4.108727788819955151e+00
4.034389967381094344e+00
3.950377482448751199e+00
4.010684975722015544e+00
4.010394748532684517e+00
4.185467393652229973e+00
4.125628593629632412e+00
4.115017520454590461e+00
3.910063812202561717e+00
4.353073751532171798e+00
4.126498088239360484e+00
4.049553077951129509e+00
4.064605080017351213e+00
4.107493842282099017e+00
4.009279218638726050e+00
3.963699325442996191e+00
4.020076050327387129e+00
3.878460232241893291e+00
4.235999274899420186e+00
4.091765216105456737e+00
4.294589135742525876e+00
4.040578277587395739e+00
4.163895683896553734e+00
3.965555347252073926e+00
4.332332417699137572e+00
4.206365716203690930e+00
4.009919220003978602e+00
4.039624019538250899e+00
4.139653974910905809e+00
4.171914139218916517e+00
4.029268580767528363e+00
4.105096889129621118e+00
3.945710172531904814e+00
4.496617615544828972e+00
4.028713908790701126e+00
4.194091428869040072e+00
3.988962878905196074e+00
4.096891392816584876e+00
4.019821991548122142e+00
4.417923603733703963e+00
4.208225673059757810e+00
3.923716594959144377e+00
3.952058765281381891e+00
4.230414088421561303e+00
4.009722044586522927e+00
4.150159237649117649e+00
4.247360903831354229e+00
3.897685560814145411e+00
4.577315917933876044e+00
4.107879194783278010e+00
4.152251041476906046e+00
4.054012253899063722e+00
4.144796761791641693e+00
4.103543026916969261e+00
4.372140558933557131e+00
4.171220510127716885e+00
3.870123471190217046e+00
3.997150439506711894e+00
4.321507937706255298e+00
3.992837104334078902e+00
3.984258741973081275e+00
4.036188090401316764e+00
4.054866182678273034e+00
4.635606722018862591e+00
4.206263700809546258e+00
4.350462800177509415e+00
4.174822133961622939e+00
4.345992569761921054e+00
4.261722378600750538e+00
4.288008150215401493e+00
4.279922209152252854e+00
3.843989832967919185e+00
3.874227316373182184e+00
4.360584835303940032e+00
4.052421460291008692e+00
3.970499882161401928e+00
4.106478838336825810e+00
4.171318440000119310e+00
4.771833220753936899e+00
4.094901579607034492e+00
4.295313506403814152e+00
4.256901043401683182e+00
4.400008067261794942e+00
4.245230181438847339e+00
4.313572640519641510e+00
4.401389107121810085e+00
3.927693998767573635e+00
3.787337990253195397e+00
4.548318399126322298e+00
4.065376040312433936e+00
3.981980506222691840e+00
4.223657982268365529e+00
4.251328705741394209e+00
4.881905896608673245e+00
4.175378080635276490e+00
4.097556173395837220e+00
4.396777894268822706e+00
4.653592730419514822e+00
4.294639739532230216e+00
4.420114830381949744e+00
4.533209394254837044e+00
3.757430494770980456e+00
4.153009962090496998e+00
4.638071755040427568e+00
3.934651181263408404e+00
3.710396140563209322e+00
4.094440528098254539e+00
4.346281027645353845e+00
4.999788270826685199e+00
4.037213918028319526e+00
4.131281200878912152e+00
4.195070042188837611e+00
4.754302737372619880e+00
4.460432879298631192e+00
4.584195671725961319e+00
4.431711726815055208e+00
3.731882781765540003e+00
4.239255350459209204e+00
4.407119521833208431e+00
4.021673951036462746e+00
3.611955911907801742e+00
4.205679971305837483e+00
4.480910819350084395e+00
5.196246239398217170e+00
3.863144205820093102e+00
4.112066138287945982e+00
4.256288399217836194e+00
4.736393128315385503e+00
4.422649633139887904e+00
4.511200220550912299e+00
4.595028325290412496e+00
3.463499989432863302e+00
4.312082538954049582e+00
4.531116296605911309e+00
3.988436661281343110e+00
3.614626390092619879e+00
4.363704771884779454e+00
4.407772851013730175e+00
5.083059451764693648e+00
4.145840335360083451e+00
3.963877866783792392e+00
4.431576871244638838e+00
4.630091876361815295e+00
4.590250934152954265e+00
4.712927168428996616e+00
4.771269476874349103e+00
3.678526036834575574e+00
4.466418708000445825e+00
4.566763717780138343e+00
4.270851212998386437e+00
3.716915201162843019e+00
4.348535550875735289e+00
4.373782674888009758e+00
5.156464408605965666e+00
3.998894237438489263e+00
3.948290398250805300e+00
4.452036581907428570e+00
4.482083646987851999e+00
4.856034513367290195e+00
4.736076950020692067e+00
5.106197931262380862e+00
3.515083658744739381e+00
4.715969719139266658e+00
4.469122368005348456e+00
4.387279375236891710e+00
3.745506713788200326e+00
4.459406705700891038e+00
4.288193533843045024e+00
5.122159250918598694e+00
4.242960172563835286e+00
4.005156871401694296e+00
4.277494788844903972e+00
4.581389710870420906e+00
4.748055920716879541e+00
4.703568237586766010e+00
4.826113039425695916e+00
3.597474176043796490e+00
4.708062912973180580e+00
4.688546434841577515e+00
4.542263457750251199e+00
3.683694504621337629e+00
4.615192502993338053e+00
4.490354929430889541e+00
5.034315768136132796e+00
4.195031374318963557e+00
4.447063785441556227e+00
4.214375339252366182e+00
4.999153525693942335e+00
5.226329240462437298e+00
4.980205782700918071e+00
4.465281350201597554e+00
3.823728909387932529e+00
4.615025398635285825e+00
4.651122998299837441e+00
4.521452596637079324e+00
3.790102291534648060e+00
4.887666053137857070e+00
4.145513284178560909e+00
4.976801822214308224e+00
4.093306087125100134e+00
4.094475821745326982e+00
3.990222226349883439e+00
5.274224071384429280e+00
5.395347661093868652e+00
4.952273373092945796e+00
4.314557365328873573e+00
4.274833591555506018e+00
4.807700254696677611e+00
4.857687161834456369e+00
4.597207877690869360e+00
4.107324706317692531e+00
5.098375653829803511e+00
4.649946341336311129e+00
5.005328595380423629e+00
4.416278857078744124e+00
4.226951423574481836e+00
3.570863485781474278e+00
5.009490282374793324e+00
5.449998065281574711e+00
5.224006928614311818e+00
4.315133442919346862e+00
3.797946460021528026e+00
5.084802942244202484e+00
4.723670336796177871e+00
4.585821128255326506e+00
4.416352967939444873e+00
4.768054424920395107e+00
5.082951520123902611e+00
4.732902898790745994e+00
4.345782258671444076e+00
4.345544457175619435e+00
3.564798873402433621e+00
4.689143094731357486e+00
5.701601691659506699e+00
5.258298421780727594e+00
4.287296981732609424e+00
3.844373593951357027e+00
5.195206850920762953e+00
5.114583467676024675e+00
4.413073763594264953e+00
4.550275708179618128e+00
5.215936677983838088e+00
5.078502565508003386e+00
4.585294477248463174e+00
4.143634125111153033e+00
4.210500655222459976e+00
3.744986852976000868e+00
4.798673136955569518e+00
5.796645438021505115e+00
5.385884425765370409e+00
4.190390978055499538e+00
4.307079648253653303e+00
5.480680975226182916e+00
5.130812567839900140e+00
4.599274299173740310e+00
4.630414839268579996e+00
5.626102148230604172e+00
4.938958834955718302e+00
4.670282877403935551e+00
4.285496919973959429e+00
4.619077904331065021e+00
3.700840916040326611e+00
4.106892303978955105e+00
5.982748368674092987e+00
5.140496536855931886e+00
4.435691843244435439e+00
4.360997002782138310e+00
5.214271194933703057e+00
5.260444954945780793e+00
5.504379686519972559e+00
5.115029143297164183e+00
5.781439471325515278e+00
5.502068629305819414e+00
4.739359283839021941e+00
3.893327274052557296e+00
4.759189731894205799e+00
3.568072036949953230e+00
3.839848678310405106e+00
5.832249805316496172e+00
5.018484093040115113e+00
4.119251780266389495e+00
3.996625453221444690e+00
4.870029830258505221e+00
5.439955016151976075e+00
5.352240871034918079e+00
4.388972851060795932e+00
6.178210511091140944e+00
6.471572021328585222e+00
4.178547102440425931e+00
3.734459593834592361e+00
5.012306961650112136e+00
3.467218460550073544e+00
3.787316891387260132e+00
5.613519179460115360e+00
4.968099590398624699e+00
4.524282654057330433e+00
3.994924879995860323e+00
4.397675820846042249e+00
5.626880936691184942e+00
5.173542265688920949e+00
4.435388909360194809e+00
5.898152385029678868e+00
6.347360638509045749e+00
4.220970510290547040e+00
3.902291546591644344e+00
5.182609543772307426e+00
3.322784523793911760e+00
3.931530765750211209e+00
5.791059327360374098e+00
4.766016998295017792e+00
4.244672636243095099e+00
3.867159454580332056e+00
4.097392008775494254e+00
5.726486615421724657e+00
5.358958312588253392e+00
4.119736197036747427e+00
5.991963482356766235e+00
6.361628477427873740e+00
4.600046637555536222e+00
4.180414157021874466e+00
5.380585769143919173e+00
3.375353431668244308e+00
4.147955392645973127e+00
6.025971209126285366e+00
4.530939567105361832e+00
3.964240654311134815e+00
4.181311804699218371e+00
4.092496467328902376e+00
5.966459221614131003e+00
5.203803548806135382e+00
4.182975186003412560e+00
5.616753883392147095e+00
6.912256220561769027e+00
4.146721409802116121e+00
4.236088568698994195e+00
5.031324202944862378e+00
3.105072343444482463e+00
4.301831119873776643e+00
6.130207854410744339e+00
4.324203005207606587e+00
4.073872036764678128e+00
4.218344457807342351e+00
4.245550101164056400e+00
6.061039777521704863e+00
4.877371086832923197e+00
4.074675507514722739e+00
5.937075095045123874e+00
6.956345032283588026e+00
4.467890991791895416e+00
4.424860443538142007e+00
4.625260933351668768e+00
3.415889838392322631e+00
4.860473272068272621e+00
6.566437170161711023e+00
4.239419854757524142e+00
4.298870041237428552e+00
3.902979677356217980e+00
4.956168790033285809e+00
6.256887127254141312e+00
4.645839792785304567e+00
4.104829106707869713e+00
5.890827175354645284e+00
7.182009342850372846e+00
4.161401954739396558e+00
3.977894335154488648e+00
4.985100311226122294e+00
3.288452548048641955e+00
4.961209447951127061e+00
6.485039512527214001e+00
4.672722239947337819e+00
4.372617330495551791e+00
3.726448773905967737e+00
5.557910173267242016e+00
6.166241748225656849e+00
4.845634972265718154e+00
3.803803362948856570e+00
5.917677676986810020e+00
6.854863165300384864e+00
3.883538340820209100e+00
4.267278359106319030e+00
5.102886806066588399e+00
2.562581531506896937e+00
5.807546536224773348e+00
6.872330410790486788e+00
4.198507717302236486e+00
4.567140845709293018e+00
3.564383751743018802e+00
6.162061622978524333e+00
5.969159276004727843e+00
5.148706955108319328e+00
3.290475198477739838e+00
6.390755276969828813e+00
6.531970232389455511e+00
4.217131203571566900e+00
5.104712957774503401e+00
6.603845304058979515e+00
2.121353061552088359e+00
5.325135622512046751e+00
7.104822181268739101e+00
4.543255413190003367e+00
4.006803394430171750e+00
3.109022942526870281e+00
5.737068572087864915e+00
6.282920435579102403e+00
6.021613778340485723e+00
3.153356411748724053e+00
5.771195299123690781e+00
6.675107207856584068e+00
5.164780468798356949e+00
5.301884180473623864e+00
7.418531696360353145e+00
1.727550178499160483e+00
4.891470744246894320e+00
7.882248868421838139e+00
6.727162396347192264e+00
5.933003626346049941e+00
2.201757734689492096e+00
6.568893864132927085e+00
6.893013046710073866e+00
6.367162344292535359e+00
2.035250764855953243e+00
7.281743024931223829e+00
8.174203942598753159e+00
5.711238688065665592e+00
5.830799294039567648e+00
9.768868257517315357e+00
1.218636717440414685e+00
4.270225032833821821e+00
8.964345793223277070e+00
4.862303984057905204e+00
5.584459894512812994e+00
5.593229673374824351e-01
8.464915812753233126e+00
7.366596496174667053e+00
6.256801708770991510e+00
0.000000000000000000e+00
5.729360323181133197e+00
8.091721266871820362e+00
6.174165526402425108e+00
4.537389591915947484e+00
8.890213102619670238e+00
0.000000000000000000e+00
4.098242146111024553e+00
9.311152803384219467e+00
5.719292116815298144e+00
8.488969839809492157e+00
6.098897541391818944e-01
9.090281110130963071e+00
9.482265860400218571e+00
6.966400745439412567e+00
0.000000000000000000e+00
6.429019560672475819e+00
9.985950247605742902e+00
1.000000000000000000e+01
4.633027824545926876e+00
9.417465427872812711e+00
0.000000000000000000e+00
5.198950591515551167e+00
8.065303802073529482e+00
5.144011401450070409e+00
1.000000000000000000e+01
7.938997780433352247e-01
7.792609136572997919e+00
1.000000000000000000e+01
6.349532595636789623e+00
0.000000000000000000e+00
8.314905761061581302e+00
1.000000000000000000e+01
1.000000000000000000e+01
6.237922111137198300e+00
7.750003430363053170e+00
0.000000000000000000e+00
8.525624109159537056e+00
9.512313882163756062e+00
8.055317430279547608e+00
8.763331991113481934e+00
0.000000000000000000e+00
9.613845633429084714e+00
1.000000000000000000e+01
5.133310128667245564e+00
0.000000000000000000e+00
6.069704590412837497e+00
1.000000000000000000e+01
7.469111699099278745e+00
8.451894452997397167e+00
7.061152205122505521e+00
0.000000000000000000e+00
8.369825319729528701e+00
1.000000000000000000e+01
8.479152938746810975e+00
1.000000000000000000e+01
0.000000000000000000e+00
8.801110374185073582e+00
8.146913942777947781e+00
7.453683760180286555e+00
0.000000000000000000e+00
5.378572139994476586e+00
9.457890189338705511e+00
1.000000000000000000e+01
9.356173262408645996e+00
7.494528234030602754e+00
0.000000000000000000e+00
7.923685678896321249e+00
1.000000000000000000e+01
9.316169128160860069e+00
8.961905975301226235e+00
0.000000000000000000e+00
9.266716751631586035e+00
7.962579876385946775e+00
8.222383934489450041e+00
0.000000000000000000e+00
5.720525025939097397e+00
9.873662635428175349e+00
9.397749631813500315e+00
9.468993903192995276e+00
7.358040586678471939e+00
0.000000000000000000e+00
7.946188137236091187e+00
9.624652353813701211e+00
1.000000000000000000e+01
1.000000000000000000e+01
0.000000000000000000e+00
8.594430878864034895e+00
8.119850833418144731e+00
8.914101830166250906e+00
0.000000000000000000e+00
6.350553064053320540e+00
1.000000000000000000e+01
9.350112538073748425e+00
1.000000000000000000e+01
8.581833420773453014e+00
0.000000000000000000e+00
8.042435429353757215e+00
9.711801110553782479e+00
9.901572921883847300e+00
1.000000000000000000e+01
0.000000000000000000e+00
7.938584703473402726e+00
8.078337445413868778e+00
9.050939118712298281e+00
0.000000000000000000e+00
6.410518313753015285e+00
1.000000000000000000e+01
9.307219347144640054e+00
9.861424761119087279e+00
8.514815591199816680e+00
0.000000000000000000e+00
8.982652396137645212e+00
9.235260378903735301e+00
1.000000000000000000e+01
1.000000000000000000e+01
0.000000000000000000e+00
9.172197648595272312e+00
7.024621747383389625e+00
9.188832858238949797e+00
0.000000000000000000e+00
6.860489461000267575e+00
8.999937356190734761e+00
1.000000000000000000e+01
1.000000000000000000e+01
8.734883229155652629e+00
0.000000000000000000e+00
8.669283926428942522e+00
8.612492410502921913e+00
9.962670535561649388e+00
1.000000000000000000e+01
0.000000000000000000e+00
9.269740246510078663e+00
7.255020324255943898e+00
9.332353300802505913e+00
0.000000000000000000e+00
7.825765389930126048e+00
9.387734362893425555e+00
9.801349051747186181e+00
1.000000000000000000e+01
1.000000000000000000e+01
0.000000000000000000e+00
9.443554622354886519e+00
8.425395179307013649e+00
1.000000000000000000e+01
9.332990408799457072e+00
0.000000000000000000e+00
9.499231192499410170e+00
7.407085776288697687e+00
8.831156433888867952e+00
1.579914303699709449e-02
8.174695068464336245e+00
1.000000000000000000e+01
9.285111526158216222e+00
1.000000000000000000e+01
9.062110914874391909e+00
5.110312303401790546e-01
9.716983203076976494e+00
8.774611859946226389e+00
9.812629476274457474e+00
8.593207518124362565e+00
0.000000000000000000e+00
9.531160896617119960e+00
6.638340344516228342e+00
7.288807738601101427e+00
0.000000000000000000e+00
6.693168165498981637e+00
1.000000000000000000e+01
9.496708944470700686e+00
9.766473579938738325e+00
9.736033316313262631e+00
2.453416885992619201e-01
9.969087308569095640e+00
8.381736424032409261e+00
1.000000000000000000e+01
7.514230795358395554e+00
0.000000000000000000e+00
9.679957520216577294e+00
7.236546732063032117e+00
7.909078516595971386e+00
0.000000000000000000e+00
7.944718025035235165e+00
9.799878083470352053e+00
9.163534156995714497e+00
1.000000000000000000e+01
9.924524923698211154e+00
1.146177750628775971e-01
9.991779679618657539e+00
8.422564317738126860e+00
9.913065935547695773e+00
7.946436633734059285e+00
0.000000000000000000e+00
9.593784545171272882e+00
7.407328881518482788e+00
7.913262387585431767e+00
1.699890300098071960e-01
8.558254546839300758e+00
1.000000000000000000e+01
9.575708096237786293e+00
9.709050186582830477e+00
1.000000000000000000e+01
0.000000000000000000e+00
1.000000000000000000e+01
8.308942076324168369e+00
1.000000000000000000e+01
7.532016636060018477e+00
0.000000000000000000e+00
9.961456645354584083e+00
6.622470409425869065e+00
7.605307568033360610e+00
1.289575232247008874e-01
8.354505102973035946e+00
9.955236411767558025e+00
1.000000000000000000e+01
9.856399126024546931e+00
9.351725755973641085e+00
0.000000000000000000e+00
9.394412670267206167e+00
8.809827033019807629e+00
8.963601593616289165e+00
7.076933272497097249e+00
0.000000000000000000e+00
9.682337703844398291e+00
6.526328025038706571e+00
8.169147778004347771e+00
0.000000000000000000e+00
8.038116646705052659e+00
1.000000000000000000e+01
9.564898293537904550e+00
1.000000000000000000e+01
9.610485421743479861e+00
0.000000000000000000e+00
9.976268874536534881e+00
9.295840847848955590e+00
8.716758313045325224e+00
7.106617774361114748e+00
0.000000000000000000e+00
9.835890626215864074e+00
6.360996163257725655e+00
7.405055267178889622e+00
0.000000000000000000e+00
7.004112732009330600e+00
9.161234697906767366e+00
1.000000000000000000e+01
9.826865533227051586e+00
8.593971823417540179e+00
0.000000000000000000e+00
1.000000000000000000e+01
9.628035215160469562e+00
1.000000000000000000e+01
6.772710934369195357e+00
0.000000000000000000e+00
9.466456080066937062e+00
7.048694183069772023e+00
7.324596870996312958e+00
0.000000000000000000e+00
7.380178822555401474e+00
9.404740169913823777e+00
9.903435557138374534e+00
1.000000000000000000e+01
8.564596301771819853e+00
6.500078980929810402e-02
1.000000000000000000e+01
9.144966493133670937e+00
1.000000000000000000e+01
7.557432677184754866e+00
0.000000000000000000e+00
1.000000000000000000e+01
7.626038782898920232e+00
7.741814678817961592e+00
0.000000000000000000e+00
7.410253493707522843e+00
8.976779858244304577e+00
9.553000451535751836e+00
9.386497230282937920e+00
8.607034983217287660e+00
0.000000000000000000e+00
1.000000000000000000e+01
9.755448589608237242e+00
9.395403362989274143e+00
7.648533363031557286e+00
0.000000000000000000e+00
9.985994807530952144e+00
7.644925206507718229e+00
7.413449802631453700e+00
0.000000000000000000e+00
8.060791011108415560e+00
8.851871565717100765e+00
9.942803419758542205e+00
8.774192750225090265e+00
8.897107791094377660e+00
0.000000000000000000e+00
9.987838683266984319e+00
1.000000000000000000e+01
9.164344287043340032e+00
9.130890201663087069e+00
0.000000000000000000e+00
9.853905819115842846e+00
7.478293170888734132e+00
8.125529703094713341e+00
0.000000000000000000e+00
9.352114020030839470e+00
1.000000000000000000e+01
1.000000000000000000e+01
8.782502407043589088e+00
8.543705811605491363e+00
0.000000000000000000e+00
9.970979585547176782e+00
1.000000000000000000e+01
8.933718922053964562e+00
8.816348262300010674e+00
0.000000000000000000e+00
9.651796696855038604e+00
7.751094416250865038e+00
8.414910766373790096e+00
0.000000000000000000e+00
9.091859170595272488e+00
1.000000000000000000e+01
1.000000000000000000e+01
7.983117192449991073e+00
8.794144370913274500e+00
0.000000000000000000e+00
9.258556123729871246e+00
1.000000000000000000e+01
8.645768374634927866e+00
8.910699540035901478e+00
0.000000000000000000e+00
9.901257678611866453e+00
8.844796682135145360e+00
9.066399775228175528e+00
6.285994232609452836e-02
8.875146873293287442e+00
1.000000000000000000e+01
9.773477171293873056e+00
8.095875329891514482e+00
8.158499546188176410e+00
0.000000000000000000e+00
9.559904131540486460e+00
9.855601619326309404e+00
8.873686255247292820e+00
9.354283928361896372e+00
0.000000000000000000e+00
9.589466192137596323e+00
8.869766935821543186e+00
9.061286211030445514e+00
0.000000000000000000e+00
9.207800729058940092e+00
1.000000000000000000e+01
1.000000000000000000e+01
8.201676641389374467e+00
8.083532570769223824e+00
4.376866136405678231e-01
9.681138830903995185e+00
8.611913564785295350e+00
8.976009999979105203e+00
1.000000000000000000e+01
0.000000000000000000e+00
1.000000000000000000e+01
8.532810907642808473e+00
8.582578488615626000e+00
2.940762222630481995e-02
8.991819982291307412e+00
9.704949652127245585e+00
9.720665811124186817e+00
8.103424860044601274e+00
7.797974598086815590e+00
6.322871810221883937e-01
9.087161921528540631e+00
8.747703241236564509e+00
9.774677859597533214e+00
9.590170222454174720e+00
5.485733195366875037e-02
9.789543995222114603e+00
8.371055460891300370e+00
8.249308376352308514e+00
1.170673873517110927e-02
8.756350680220821303e+00
9.976641598598586569e+00
1.000000000000000000e+01
7.900340942185903437e+00
9.659944852564025908e+00
6.012160151186332069e-01
9.162873427857098463e+00
8.651648001756218065e+00
8.982264388934062538e+00
9.721600249081561174e+00
0.000000000000000000e+00
9.304349849006593232e+00
8.650769720142784891e+00
8.304686389432323068e+00
0.000000000000000000e+00
7.742642660493417317e+00
1.000000000000000000e+01
9.162485322623194151e+00
7.704928727930490773e+00
1.000000000000000000e+01
5.505743311045526722e-01
9.351997263280914297e+00
8.701755556955808046e+00
9.176591652615403660e+00
9.922617814319988128e+00
0.000000000000000000e+00
8.789489242562730453e+00
8.033666180341283436e+00
8.923330475905562054e+00
0.000000000000000000e+00
7.971052088203847141e+00
1.000000000000000000e+01
8.680899929450351493e+00
8.780036688461947847e+00
1.000000000000000000e+01
4.886966948772258346e-01
9.713485827488181457e+00
9.106076983746980602e+00
1.000000000000000000e+01
9.814511254375965166e+00
0.000000000000000000e+00
8.431539134494210330e+00
8.563508808839365827e+00
9.190033400047644463e+00
0.000000000000000000e+00
7.711499828084943609e+00
9.972064268441839019e+00
7.928450227685006624e+00
8.826287057450322493e+00
9.936350425564512534e+00
1.830571740451727991e-01
1.000000000000000000e+01
1.000000000000000000e+01
9.481092587355627543e+00
9.323598027325079585e+00
2.040563800656669813e-01
9.027543664196498341e+00
8.215937567402297859e+00
9.067107225095535128e+00
0.000000000000000000e+00
8.175567247526428716e+00
9.375258662411150468e+00
7.822637240476923992e+00
8.721614138898511115e+00
9.754273557480248158e+00
4.092150508281536259e-02
1.000000000000000000e+01
9.594875832989796294e+00
9.166170461262696634e+00
9.226223531882798312e+00
4.337702090588961834e-01
9.126812688270376839e+00
7.848888390873433707e+00
9.612974757053827091e+00
0.000000000000000000e+00
8.100341746170863999e+00
9.322120034123798860e+00
9.280634575593010638e+00
8.240072779141005554e+00
9.991989522278482028e+00
0.000000000000000000e+00
9.915397291567950688e+00
9.453584918410886218e+00
9.430535186958106664e+00
8.468507369984584088e+00
0.000000000000000000e+00
9.507655449557514515e+00
7.825906483989255591e+00
9.654022320221873343e+00
0.000000000000000000e+00
9.223141235727430498e+00
9.814764975226532684e+00
9.233220203826304484e+00
8.800774408142821414e+00
9.996916821214972160e+00
0.000000000000000000e+00
1.000000000000000000e+01
1.000000000000000000e+01
9.089990580791333485e+00
8.353696346220356617e+00
0.000000000000000000e+00
8.941415526644734157e+00
8.555878497905585078e+00
1.000000000000000000e+01
0.000000000000000000e+00
9.173427405419602110e+00
9.989104568446814270e+00
9.019787805985515661e+00
9.252211463366640132e+00
1.000000000000000000e+01
5.358978238814406797e-02
9.519584316583420858e+00
1.000000000000000000e+01
9.183807160004665349e+00
8.712299429312018617e+00
0.000000000000000000e+00
8.800560428013380232e+00
8.337914738699506501e+00
9.611253055574493942e+00
0.000000000000000000e+00
8.768275397060767418e+00
9.690306779394868286e+00
9.534836341100334067e+00
9.159962587146136315e+00
9.528027618475235272e+00
1.709384686579632773e-01
9.452026475696611030e+00
9.789607454198272052e+00
8.497871132156541663e+00
9.061532135147437828e+00
0.000000000000000000e+00
9.755276234835806193e+00
8.367629838895593863e+00
9.293634313649558720e+00
3.152503979705249537e-01
9.300159720749453740e+00
1.000000000000000000e+01
9.907266071000458751e+00
8.560571837553112573e+00
9.237283379195620370e+00
0.000000000000000000e+00
9.033837818055411972e+00
1.000000000000000000e+01
8.040367924926290044e+00
1.000000000000000000e+01
0.000000000000000000e+00
9.491056733318343319e+00
8.845665559330607053e+00
9.381833836329068532e+00
0.000000000000000000e+00
9.419359601145767869e+00
9.193466576779050214e+00
9.469430946007660665e+00
8.159407372022549509e+00
9.176877380290067165e+00
0.000000000000000000e+00
9.874260362808064073e+00
1.000000000000000000e+01
8.440296377980798681e+00
1.000000000000000000e+01
0.000000000000000000e+00
9.561853404166361869e+00
9.576090848963911384e+00
1.000000000000000000e+01
0.000000000000000000e+00
9.156209175923823551e+00
1.000000000000000000e+01
1.000000000000000000e+01
8.433045439672085308e+00
9.661779890576525531e+00
0.000000000000000000e+00
9.476317874762084870e+00
9.748253652777121303e+00
9.303858011180796694e+00
1.000000000000000000e+01
0.000000000000000000e+00
9.755830616463345706e+00
9.233061197688849475e+00
1.000000000000000000e+01
2.634789333772013520e-01
9.711696378867662460e+00
1.000000000000000000e+01
1.000000000000000000e+01
8.424493033369262918e+00
1.000000000000000000e+01
1.561868766497508110e-01
9.311515758808983634e+00
9.753897541986381370e+00
9.845807259477046713e+00
9.728060928827582998e+00
0.000000000000000000e+00
9.557261461277164472e+00
8.809132272981727851e+00
9.936737852354921685e+00
2.699243940219979709e-01
9.790369177333065664e+00
1.000000000000000000e+01
1.000000000000000000e+01
8.732253325736829552e+00
9.775781468365186910e+00
0.000000000000000000e+00
9.804011034107874778e+00
9.194908910981990147e+00
9.844745962268712347e+00
9.824141808923505081e+00
6.405951932504100332e-02
1.000000000000000000e+01
8.601044674068006657e+00
1.000000000000000000e+01
2.272938069019346252e-01
9.477536478509509976e+00
9.974384854092782859e+00
9.745951940012822945e+00
8.989370742809700943e+00
9.726061556642429551e+00
3.239067393947957924e-02
9.821484339090787330e+00
9.129292954386919234e+00
9.351583161487113216e+00
9.869968917747664605e+00
5.417916746424576713e-03
9.871334256742168023e+00
8.619996702446156789e+00
9.559671313596536990e+00
1.010290030196868416e-01
9.502144255145648089e+00
1.000000000000000000e+01
1.000000000000000000e+01
9.033125685170439567e+00
9.922610928028596788e+00
0.000000000000000000e+00
9.650235408961478356e+00
9.977099272889770276e+00
9.377664761820520667e+00
9.735592012084349989e+00
0.000000000000000000e+00
9.640916053019157772e+00
9.266987944373196839e+00
9.906646821347264265e+00
6.780274068045644142e-02
8.918896477752248586e+00
9.803319615926188391e+00
1.000000000000000000e+01
9.269889935341167231e+00
9.346145658693654212e+00
3.901519536828423201e-02
9.715584215460015827e+00
1.000000000000000000e+01
9.349133127346160421e+00
1.000000000000000000e+01
4.991745789504084541e-01
9.043776036756401737e+00
8.874335831100351513e+00
9.952447937221881702e+00
0.000000000000000000e+00
1.000000000000000000e+01
1.000000000000000000e+01
1.000000000000000000e+01
9.290402053955693518e+00
9.258293707149984897e+00
1.474276943933819362e-02
9.834392091392187396e+00
9.702228620378987145e+00
9.075313260440676544e+00
1.000000000000000000e+01
4.873698615405118728e-01
8.882720236670925473e+00
8.996399446124208055e+00
9.633909893969335059e+00
0.000000000000000000e+00
9.824309910032399173e+00
9.962682907644632380e+00
9.755514690216504192e+00
9.534211411699681449e+00
9.273453631942414788e+00
0.000000000000000000e+00
9.603741350045901015e+00
9.654286712024170214e+00
8.796628717549996423e+00
1.000000000000000000e+01
5.275957208638588636e-01
8.849360381579357338e+00
9.457617531484469708e+00
9.786768110174351776e+00
3.015080265866257238e-03
9.604364810704897337e+00
1.000000000000000000e+01
9.950958545973964675e+00
9.418612174946968452e+00
8.956698174573579863e+00
0.000000000000000000e+00
1.000000000000000000e+01
1.000000000000000000e+01
9.095435795626841013e+00
1.000000000000000000e+01
4.850410279757352283e-01
9.237121634612456944e+00
9.966677362227841286e+00
9.621977408219139605e+00
1.251053557639441594e-01
9.642923130508549434e+00
9.991713897851772330e+00
9.829482031914002604e+00
9.181071796535752227e+00
8.875283218870871238e+00
3.540465615249648035e-02
9.904552510451349434e+00
9.782627125962493508e+00
8.886735547647672817e+00
9.877560097543577555e+00
5.117026960613056952e-01
9.082978259672280785e+00
9.750114868267898416e+00
9.630717495734556266e+00
1.577702041469383754e-01
1.000000000000000000e+01
1.000000000000000000e+01
9.885182975544871908e+00
1.000000000000000000e+01
8.415449175979111018e+00
0.000000000000000000e+00
9.929791837447554670e+00
9.693880897043392508e+00
9.300401778625817073e+00
9.201691562157133575e+00
3.383215380467965439e-01
8.820308779635679386e+00
1.000000000000000000e+01
9.754632604135593965e+00
1.144663439069303346e-01
1.000000000000000000e+01
1.000000000000000000e+01
9.542918062281358971e+00
1.000000000000000000e+01
8.696697830109412664e+00
0.000000000000000000e+00
1.000000000000000000e+01
9.792981325377855484e+00
9.755692709582547195e+00
8.721427230489068094e+00
5.322036634615576745e-01
8.175429145713899004e+00
9.993092883896268930e+00
9.376198447514937584e+00
0.000000000000000000e+00
9.824438739780449126e+00
1.000000000000000000e+01
9.436657674661063311e+00
9.866104751628729019e+00
9.234656726611776278e+00
0.000000000000000000e+00
1.000000000000000000e+01
1.000000000000000000e+01
1.000000000000000000e+01
7.568093836346372782e+00
7.317250498787488677e-01
8.487504842868384358e+00
1.000000000000000000e+01
8.340334309242312116e+00
0.000000000000000000e+00
1.000000000000000000e+01
1.000000000000000000e+01
9.600767749462272960e+00
9.810810969955584326e+00
1.000000000000000000e+01
0.000000000000000000e+00
1.000000000000000000e+01
9.886958322599724625e+00
9.573436068144111744e+00
7.610943501263840894e+00
6.776760570972140130e-01
8.712325336407740650e+00
1.000000000000000000e+01
8.120420278518420076e+00
0.000000000000000000e+00
8.838168521835578773e+00
1.000000000000000000e+01
9.602776535210194808e+00
9.792053902959324319e+00
9.842362536958150443e+00
0.000000000000000000e+00
9.863283408004758002e+00
1.000000000000000000e+01
9.192809352352199426e+00
8.021934495020625278e+00
6.358170588363329934e-01
9.496298532885754540e+00
1.000000000000000000e+01
8.231232112682747015e+00
0.000000000000000000e+00
8.171898061557490323e+00
1.000000000000000000e+01
9.749179450208874442e+00
1.000000000000000000e+01
9.825911368911446786e+00
0.000000000000000000e+00
9.709974580791337573e+00
9.781402654829115306e+00
9.302635788996196808e+00
8.262356142193887365e+00
6.063089379203258078e-01
9.659006065903438909e+00
9.317520329223533793e+00
8.359569324438902882e+00
0.000000000000000000e+00
7.964516921509067870e+00
9.866524431478451262e+00
9.222679919272284366e+00
9.934581126349742775e+00
1.000000000000000000e+01
0.000000000000000000e+00
1.000000000000000000e+01
1.000000000000000000e+01
9.172776752253531285e+00
8.727974569923610204e+00
5.806592484628455564e-01
9.998408422816160268e+00
9.500882440776909021e+00
8.916908894095463722e+00
0.000000000000000000e+00
8.769298174116109124e+00
9.639991531274731074e+00
8.829271074132508446e+00
9.449870747099197388e+00
9.576895244551376862e+00
0.000000000000000000e+00
1.000000000000000000e+01
9.613054746927481631e+00
9.470444162285952316e+00
8.601265580037980030e+00
3.753820331665725929e-01
1.000000000000000000e+01
9.609034267285320396e+00
9.587020388985250108e+00
0.000000000000000000e+00
9.150738498954332556e+00
9.843311170340813376e+00
8.681578079602596532e+00
1.000000000000000000e+01
9.910887030516970952e+00
0.000000000000000000e+00
1.000000000000000000e+01
1.000000000000000000e+01
9.748640090052916207e+00
8.462060781023781786e+00
3.472778758859689230e-01
1.000000000000000000e+01
9.475948458138718777e+00
9.026217578367560890e+00
0.000000000000000000e+00
8.218007292949632614e+00
9.674901586286287269e+00
8.727270888768876134e+00
9.704049387320944575e+00
9.988452441615338628e+00
0.000000000000000000e+00
9.595590172406408769e+00
1.000000000000000000e+01
9.582993599162534792e+00
9.255012201138509198e+00
3.145068059884022493e-01
1.000000000000000000e+01
9.401984464913395456e+00
9.426997047137868790e+00
0.000000000000000000e+00
8.273198778170636203e+00
1.000000000000000000e+01
8.963462977958460698e+00
1.000000000000000000e+01
1.000000000000000000e+01
0.000000000000000000e+00
9.662088862085861152e+00
9.308914357956101782e+00
9.923944141734242663e+00
9.493392349122911966e+00
2.676035660142728756e-01
1.000000000000000000e+01
9.122677138688406018e+00
9.423296210208178536e+00
0.000000000000000000e+00
8.507478012849023941e+00
9.695085083310360119e+00
8.543809112625456947e+00
1.000000000000000000e+01
1.000000000000000000e+01
0.000000000000000000e+00
9.727651219978820762e+00
9.244469512389368759e+00
9.647417024021546439e+00
9.688446869872850087e+00
1.281623460627767386e-01
9.718414758497976536e+00
9.595089166317491092e+00
9.379966795169318416e+00
0.000000000000000000e+00
9.755391665709664650e+00
9.479653983489846780e+00
8.708468912207136370e+00
1.000000000000000000e+01
1.000000000000000000e+01
0.000000000000000000e+00
9.833312698848725830e+00
9.257357583496865772e+00
1.000000000000000000e+01
9.740590015221428644e+00
8.416182684218784238e-02
1.000000000000000000e+01
1.000000000000000000e+01
9.321134271046171094e+00
3.676263166495208345e-01
1.000000000000000000e+01
1.000000000000000000e+01
8.642711040463176175e+00
1.000000000000000000e+01
1.000000000000000000e+01
5.144025498556756976e-02
9.267470422933605789e+00
9.672188525426482997e+00
9.843246056825652346e+00
9.854926262361788147e+00
4.518869444482851577e-02
1.000000000000000000e+01
9.773891974710830155e+00
8.745836039532019157e+00
2.473270414328814226e-01
9.758852877886493360e+00
1.000000000000000000e+01
8.870235180993875090e+00
1.000000000000000000e+01
1.000000000000000000e+01
0.000000000000000000e+00
9.523467690556039145e+00
9.797438065653617301e+00
9.322559038149535127e+00
9.644197605740433943e+00
1.365890402440616547e-01
1.000000000000000000e+01
9.806905827965367806e+00
8.795088628463433977e+00
2.643698695775052454e-01
9.462130927963041671e+00
9.784061218989297259e+00
8.388448757849756632e+00
1.000000000000000000e+01
9.596753223912372732e+00
0.000000000000000000e+00
9.458327887253064503e+00
1.000000000000000000e+01
9.570744928193583689e+00
1.000000000000000000e+01
8.764411608410943577e-02
1.000000000000000000e+01
1.000000000000000000e+01
8.456580477528614637e+00
2.988849455624016938e-01
9.098020121323170173e+00
1.000000000000000000e+01
8.817727978627695862e+00
1.000000000000000000e+01
9.690771641439944517e+00
0.000000000000000000e+00
9.844700504145475151e+00
9.909943234160534686e+00
9.559217331306767207e+00
1.000000000000000000e+01
0.000000000000000000e+00
1.000000000000000000e+01
1.000000000000000000e+01
8.664132474633436942e+00
2.546671111035931356e-01
1.000000000000000000e+01
1.000000000000000000e+01
9.408873145122671033e+00
9.982888671447161855e+00
9.798391996537464621e+00
0.000000000000000000e+00
9.344922017632148581e+00
9.800710680789876506e+00
9.740251816280597552e+00
1.000000000000000000e+01
5.807216706114073368e-01
1.000000000000000000e+01
9.639065007215876335e+00
8.950251299150739470e+00
2.669268457338107581e-01
1.000000000000000000e+01
1.000000000000000000e+01
9.752403277025207373e+00
1.000000000000000000e+01
1.000000000000000000e+01
0.000000000000000000e+00
9.361568942018223538e+00
1.000000000000000000e+01
9.581225632498295397e+00
1.000000000000000000e+01
4.528912949823788447e-01
9.781377608986218775e+00
1.000000000000000000e+01
8.937539805250436231e+00
2.626791541091118565e-01
1.000000000000000000e+01
9.823680394852038589e+00
9.321732140442277270e+00
9.826224115631250200e+00
9.687206242612345974e+00
0.000000000000000000e+00
9.667763352296852020e+00
1.000000000000000000e+01
9.752169544985884286e+00
9.604092188098064753e+00
3.420152929590983271e-01
9.888348010166318147e+00
9.752802534816154889e+00
9.561149087005265557e+00
2.366986194638995289e-01
1.000000000000000000e+01
1.000000000000000000e+01
1.000000000000000000e+01
1.000000000000000000e+01
9.979145093997747296e+00
2.092740120995275066e-01
9.698960896826676503e+00
1.000000000000000000e+01
9.488199711410301163e+00
1.000000000000000000e+01
2.924403313059866227e-01
9.628572740804996144e+00
1.000000000000000000e+01
9.757335211936664976e+00
2.345412222067964902e-01
9.716775328474023254e+00
9.780818613620246182e+00
9.771998866186908828e+00
1.000000000000000000e+01
1.000000000000000000e+01
0.000000000000000000e+00
8.997352969566652092e+00
1.000000000000000000e+01
9.081183655625151729e+00
9.380204652302714052e+00
5.044851230252770380e-01
9.741844267779182331e+00
9.909978691870087175e+00
1.000000000000000000e+01
5.467047396019517058e-02
9.528619899389964232e+00
1.000000000000000000e+01
1.000000000000000000e+01
1.000000000000000000e+01
9.773201261204043533e+00
4.116144271868665272e-01
9.139587444238806313e+00
9.980348991055659980e+00
8.729135611802258055e+00
8.958315279618856763e+00
4.623855621383829995e-01
9.892944712173441957e+00
9.818357351842854186e+00
1.000000000000000000e+01
2.988957498468637966e-02
9.474839556402194773e+00
9.915938123327716625e+00
9.712457888303852371e+00
9.902299231457577733e+00
9.802291757704480801e+00
1.862309506726715636e-01
8.952341661015001506e+00
9.684183140241721333e+00
8.242508285380248267e+00
9.063810674824734903e+00
5.032948304226089187e-01
9.518461609358938702e+00
9.973154697567380822e+00
9.980021713633778546e+00
0.000000000000000000e+00
1.000000000000000000e+01
9.579651750777145480e+00
1.000000000000000000e+01
9.484373775795543082e+00
9.431778409547888486e+00
8.490900593906916538e-02
9.150069239890095574e+00
1.000000000000000000e+01
8.364569624263671344e+00
9.363887404679518411e+00
4.368879287932402322e-01
9.840785340277404813e+00
9.932116553810061532e+00
9.981039116255722377e+00
0.000000000000000000e+00
9.887815583348858794e+00
9.615941657923771757e+00
1.000000000000000000e+01
9.710607933760208255e+00
9.183946555163990055e+00
3.457491099261750245e-01
9.832111330476896782e+00
9.962487562319951806e+00
8.188702320857165873e+00
9.612830438320060011e+00
4.389476230843152305e-01
1.000000000000000000e+01
9.760784118254671071e+00
9.930537773883132857e+00
0.000000000000000000e+00
1.000000000000000000e+01
1.000000000000000000e+01
1.000000000000000000e+01
9.590282150650757842e+00
8.108098346967574699e+00
1.029493631307061507e+00
8.226892398811841645e+00
1.000000000000000000e+01
8.434707985104628492e+00
9.145782647515899200e+00
1.436595956729436740e-01
1.000000000000000000e+01
9.345998502795747953e+00
1.000000000000000000e+01
0.000000000000000000e+00
9.465625648399228709e+00
1.000000000000000000e+01
1.000000000000000000e+01
9.437817056336751165e+00
7.895395400022969135e+00
9.071490436823959058e-01
8.797660439892844408e+00
9.607671989234848553e+00
9.627846032973380375e+00
9.332805166185693224e+00
2.153247420075824758e-01
9.729572402468120274e+00
9.936291446963165797e+00
8.759271321708361313e+00
0.000000000000000000e+00
9.759225607014307968e+00
1.000000000000000000e+01
1.000000000000000000e+01
1.000000000000000000e+01
7.811128312743366386e+00
4.018820429878836586e-01
8.314418975658046662e+00
1.000000000000000000e+01
9.767879508331331451e+00
1.000000000000000000e+01
6.491430093478777197e-01
8.230474348535903317e+00
9.866992600129940172e+00
9.405532277531348129e+00
0.000000000000000000e+00
1.000000000000000000e+01
1.000000000000000000e+01
9.758704197246105494e+00
1.000000000000000000e+01
9.410180264494464097e+00
4.369756219985577173e-01
8.560742277421498514e+00
9.862029605816371003e+00
1.000000000000000000e+01
9.863819008933415233e+00
0.000000000000000000e+00
8.863043342340398922e+00
9.358493081609731590e+00
9.539089696909334393e+00
1.051579188789061037e-01
1.000000000000000000e+01
1.000000000000000000e+01
8.576831991753980589e+00
1.000000000000000000e+01
9.857133930807405520e+00
1.713805787011865589e-01
8.902168855726019459e+00
1.000000000000000000e+01
9.854924986817525934e+00
9.625775808616742424e+00
0.000000000000000000e+00
8.892982859887242242e+00
9.580258916888549692e+00
9.343873921606704158e+00
8.919452208890049638e-02
9.725149309150220134e+00
9.638972031646375171e+00
8.728982979414192656e+00
9.821048103502000970e+00
1.000000000000000000e+01
9.543187870503733183e-02
9.213706470562371464e+00
1.000000000000000000e+01
1.000000000000000000e+01
1.000000000000000000e+01
0.000000000000000000e+00
9.163872975856682146e+00
8.883828741212864699e+00
9.036438597562865382e+00
8.895403928013990991e-02
9.202005250693467531e+00
9.788771121057459723e+00
9.148447190405519791e+00
1.000000000000000000e+01
9.948511871000116358e+00
2.244979003952179974e-02
9.104685712366372030e+00
9.796989536343318150e+00
9.806136968722897862e+00
9.784343847601942201e+00
0.000000000000000000e+00
9.317373119983695773e+00
9.053247371683657008e+00
9.160449554876384681e+00
7.586397046693671431e-03
9.442840638645519036e+00
9.427948631415096870e+00
8.843891315571962508e+00
9.996989252843258456e+00
9.967108300298166412e+00
0.000000000000000000e+00
9.301327026646553975e+00
9.829463049595981161e+00
9.690908775317110369e+00
1.000000000000000000e+01
4.797592131483417038e-02
9.345350728608870838e+00
8.599166298307164169e+00
9.194596894986311497e+00
0.000000000000000000e+00
9.412004451516560621e+00
9.749294467870154079e+00
9.353264374126615266e+00
9.906480836761588193e+00
9.391665376665372378e+00
0.000000000000000000e+00
9.077688168495305021e+00
1.000000000000000000e+01
9.551434345300553019e+00
1.000000000000000000e+01
4.466627649553244622e-02
9.800794526717824695e+00
8.828334296428241856e+00
9.700601182426670022e+00
0.000000000000000000e+00
9.265638554913342873e+00
9.873385928450087334e+00
9.161591236439052821e+00
1.000000000000000000e+01
9.471709822495645525e+00
0.000000000000000000e+00
9.200976354927846046e+00
9.745264703734427769e+00
1.000000000000000000e+01
1.000000000000000000e+01
5.821256168304575485e-04
9.941824598218536480e+00
1.000000000000000000e+01
9.447740075445022256e+00
3.938793640368657423e-01
9.185010553730515781e+00
1.000000000000000000e+01
9.602576170559752100e+00
1.000000000000000000e+01
9.531013112386506947e+00
5.306766062068367651e-01
8.438704657567788203e+00
1.000000000000000000e+01
1.000000000000000000e+01
1.000000000000000000e+01
4.906220903496602559e-01
1.000000000000000000e+01
9.929877861970251018e+00
9.293960072888472368e+00
3.690805507839909350e-01
9.153743695578883788e+00
9.751541032204164239e+00
8.981463147843493644e+00
1.000000000000000000e+01
9.381688630942948137e+00
4.106027495609139710e-01
8.057297686871480735e+00
1.000000000000000000e+01
9.556192058432447567e+00
9.906872880070336507e+00
4.222983484986106428e-01
1.000000000000000000e+01
1.000000000000000000e+01
9.402095887226133542e+00
1.368558572194432388e-01
8.830202782782748727e+00
9.740104128442705900e+00
9.070128552619809881e+00
9.988755953477472360e+00
1.000000000000000000e+01
1.979149641864251241e-01
8.433446384591675837e+00
1.000000000000000000e+01
9.654221441158403749e+00
9.794841847051850792e+00
2.417276932797879363e-01
1.000000000000000000e+01
1.000000000000000000e+01
9.682171169418111845e+00
3.186136274989795347e-02
9.063316950862203569e+00
1.000000000000000000e+01
9.897584366456360527e+00
9.826063687794777124e+00
1.000000000000000000e+01
0.000000000000000000e+00
8.782877215833760687e+00
9.629917100050811030e+00
1.000000000000000000e+01
8.892857539181765247e+00
2.676356905907180672e-01
1.000000000000000000e+01
9.797751286301139118e+00
9.963621386000726332e+00
0.000000000000000000e+00
8.925356381317500976e+00
9.472279422807480032e+00
9.958600469477085326e+00
1.000000000000000000e+01
1.000000000000000000e+01
0.000000000000000000e+00
8.993876359873691939e+00
9.732230118315229106e+00
1.000000000000000000e+01
9.390229447120214346e+00
8.085212607598604717e-02
9.683544799676491621e+00
9.988582233584702763e+00
1.000000000000000000e+01
1.401374754974785142e-01
9.234356990300266688e+00
9.784199821571828437e+00
1.000000000000000000e+01
1.000000000000000000e+01
1.000000000000000000e+01
0.000000000000000000e+00
8.948204572379870214e+00
9.841844739767374506e+00
1.000000000000000000e+01
9.717727574895882015e+00
0.000000000000000000e+00
9.448198947915882329e+00
9.890014962576326951e+00
9.730428249094355664e+00
4.090898028782462281e-02
9.060307014519640489e+00
9.502193839350665527e+00
9.851049879168620294e+00
9.802935824015692745e+00
1.000000000000000000e+01
0.000000000000000000e+00
9.356323432423780062e+00
9.953303690849741869e+00
9.484130269071309627e+00
1.000000000000000000e+01
0.000000000000000000e+00
9.521386479560996818e+00
1.000000000000000000e+01
1.000000000000000000e+01
1.712229242437645488e-02
8.879335261799230494e+00
9.558614160236864166e+00
9.631137650788145876e+00
1.000000000000000000e+01
1.000000000000000000e+01
0.000000000000000000e+00
9.614016212022601593e+00
9.761765405837531162e+00
9.456571866023594453e+00
1.000000000000000000e+01
0.000000000000000000e+00
9.546972734371486524e+00
9.927119747345486189e+00
1.000000000000000000e+01
0.000000000000000000e+00
8.053712946033238396e+00
9.597225467083424277e+00
9.795562182095334691e+00
1.000000000000000000e+01
9.894675882650700416e+00
0.000000000000000000e+00
9.456674105003166630e+00
1.000000000000000000e+01
9.542169101525081132e+00
9.625164139283388209e+00
0.000000000000000000e+00
9.528701678477597525e+00
1.000000000000000000e+01
1.000000000000000000e+01
0.000000000000000000e+00
8.278007678255013602e+00
9.296487924860681318e+00
9.994363079471124678e+00
1.000000000000000000e+01
9.353708049862364149e+00
4.113038189783022741e-02
9.730362067917319280e+00
1.000000000000000000e+01
9.672235992182926623e+00
1.000000000000000000e+01
0.000000000000000000e+00
9.737253833507182321e+00
1.000000000000000000e+01
9.865368673760196216e+00
0.000000000000000000e+00
8.861515170699396649e+00
8.985924552429164436e+00
9.823039801837195384e+00
1.000000000000000000e+01
9.020695711676657069e+00
0.000000000000000000e+00
9.857636816981475647e+00
9.974027267349804049e+00
9.806247436996029521e+00
1.000000000000000000e+01
0.000000000000000000e+00
9.470193258623462285e+00
9.937516765672333108e+00
9.369417258788018898e+00
0.000000000000000000e+00
8.677657412589145025e+00
9.056450190152849800e+00
1.000000000000000000e+01
1.000000000000000000e+01
8.677738771866417622e+00
0.000000000000000000e+00
9.550400792436011699e+00
1.000000000000000000e+01
1.000000000000000000e+01
9.515893967043552948e+00
0.000000000000000000e+00
9.170088274416540841e+00
1.000000000000000000e+01
9.329599063463515307e+00
3.618639942993354119e-01
8.513628410428026427e+00
8.850475727133316539e+00
1.000000000000000000e+01
1.000000000000000000e+01
9.103620446540384492e+00
0.000000000000000000e+00
9.679978105182623693e+00
9.700113985440385278e+00
9.943974536711177592e+00
9.391264640075958070e+00
0.000000000000000000e+00
8.964360474806840173e+00
9.979524829279300846e+00
9.544284218713757539e+00
2.805521514346815959e-01
8.998512804924917674e+00
9.115937256945224831e+00
1.000000000000000000e+01
1.000000000000000000e+01
9.483903222054172133e+00
1.287823541732761590e-01
1.000000000000000000e+01
9.750121259921359140e+00
9.551230497099655992e+00
9.870158885004265414e+00
2.462306309236916568e-01
9.292175589475817787e+00
1.000000000000000000e+01
8.726002797655395327e+00
1.340848670942535736e-01
8.981514389664470244e+00
9.004032316518445711e+00
1.000000000000000000e+01
9.956678501377769663e+00
9.473172059370728704e+00
4.436348792984834422e-02
1.000000000000000000e+01
9.864546907254659658e+00
9.785808499270224559e+00
9.321732461410173087e+00
4.858551733782174864e-01
9.503275855409459183e+00
1.000000000000000000e+01
9.719257125402435804e+00
0.000000000000000000e+00
8.454376137318364570e+00
9.425863095699762439e+00
9.900325666490738641e+00
9.970045586276670591e+00
9.701927161376445952e+00
6.692268960507272157e-02
9.662473046883416572e+00
9.561122520919242973e+00
9.439132385781881851e+00
9.033951244669566449e+00
5.527478484842557327e-01
9.785438389334661480e+00
1.000000000000000000e+01
9.443663253382808875e+00
0.000000000000000000e+00
8.873977565658275779e+00
9.462513465810296509e+00
9.849289435292808648e+00
9.773431225811995304e+00
9.579850506269391275e+00
0.000000000000000000e+00
9.647991675809786116e+00
9.373705744571603660e+00
9.362170315161979062e+00
9.089438538565776327e+00
9.623153819686038890e-01
1.000000000000000000e+01
1.000000000000000000e+01
9.561918959491656267e+00
0.000000000000000000e+00
8.001068899838520210e+00
9.257535767721538633e+00
1.000000000000000000e+01
8.917469664915351757e+00
9.858115056091154571e+00
1.664885470870268447e-01
9.381497844242897344e+00
9.946349204847095393e+00
8.888636217199476164e+00
8.930590622541965118e+00
6.042376245756889697e-01
1.000000000000000000e+01
9.968614003169117055e+00
1.000000000000000000e+01
0.000000000000000000e+00
8.644147159668534641e+00
9.892344904526336080e+00
8.949330671101797918e+00
8.940921506384830408e+00
9.959867682744302897e+00
0.000000000000000000e+00
9.902585216544594005e+00
9.949985464882969310e+00
9.183510698689008933e+00
8.950175023730967183e+00
6.299184498665956200e-01
9.492321144943385747e+00
1.000000000000000000e+01
1.000000000000000000e+01
2.421162590229761907e-02
8.648423998967571080e+00
9.832222738279247309e+00
8.414713347895617090e+00
8.475055938180409143e+00
9.133262858214388658e+00
0.000000000000000000e+00
9.940166366826954203e+00
1.000000000000000000e+01
8.799485722523904485e+00
8.994163961223891945e+00
5.774657559486129355e-01
9.315428934590894272e+00
1.000000000000000000e+01
9.627992887468414196e+00
1.056517784107268432e-01
9.202174409280313938e+00
9.278094577744180782e+00
8.045862344023740675e+00
7.884660410872347036e+00
9.045377499578039604e+00
0.000000000000000000e+00
1.000000000000000000e+01
1.000000000000000000e+01
8.301431476526719422e+00
8.845926459523326457e+00
2.460024511200577524e-01
9.629296242377330728e+00
1.000000000000000000e+01
9.406762830864119351e+00
0.000000000000000000e+00
9.253084942047527406e+00
9.697278619523634902e+00
8.432435127809156938e+00
8.027139988827000749e+00
9.556489013431527013e+00
0.000000000000000000e+00
1.000000000000000000e+01
9.935259557489752424e+00
8.510571786706435660e+00
8.676750232058076051e+00
0.000000000000000000e+00
9.316853298249004212e+00
1.000000000000000000e+01
8.908443511364740885e+00
6.265902979845713872e-02
8.509804943217810447e+00
1.000000000000000000e+01
8.220735470590678773e+00
8.551363115460400621e+00
9.055156484060528754e+00
5.117347689301196545e-02
9.937008538300631244e+00
9.983841587632452885e+00
8.146021084459519557e+00
8.548699625331670049e+00
7.465774711663616600e-03
8.669445417613077964e+00
9.951543309780671365e+00
9.263128731591823595e+00
1.249142239844703434e-02
8.644011957488940467e+00
9.483172473878912712e+00
8.153824755530651558e+00
8.753832578329252101e+00
9.167808864534846336e+00
3.511287141903859932e-02
9.978693199998904362e+00
1.000000000000000000e+01
9.345233938989665035e+00
8.797144998885455536e+00
0.000000000000000000e+00
8.597416279630657243e+00
1.000000000000000000e+01
9.613426171804833942e+00
0.000000000000000000e+00
8.786947227615206302e+00
9.042701206535898706e+00
8.241584543220628944e+00
9.360433292060514887e+00
9.532917901335347111e+00
0.000000000000000000e+00
1.000000000000000000e+01
1.000000000000000000e+01
9.455207570333152844e+00
9.502117534026366386e+00
0.000000000000000000e+00
8.098756892864876988e+00
1.000000000000000000e+01
9.263861434181041687e+00
2.061543701143181070e-02
9.422137552586656639e+00
8.580077884877015393e+00
8.421089557473498743e+00
9.784879058062294632e+00
9.570590285386666451e+00
0.000000000000000000e+00
9.935159922105027519e+00
9.975621108460400066e+00
9.397462772688085053e+00
9.820636942678458325e+00
1.134355057292268376e-01
8.541122803349219694e+00
1.000000000000000000e+01
9.220520009954977780e+00
0.000000000000000000e+00
9.677490233320257929e+00
9.103952137642563613e+00
8.249786280869173538e+00
9.894223613269014450e+00
9.690099466403784945e+00
0.000000000000000000e+00
9.860449160236003152e+00
9.944104428981065169e+00
9.871883091761441520e+00
9.643687925525757265e+00
1.290073875453229546e-01
9.028646499716943552e+00
1.000000000000000000e+01
9.327596370612818433e+00
0.000000000000000000e+00
1.000000000000000000e+01
9.470754070278452730e+00
8.293354002274101688e+00
1.000000000000000000e+01
1.000000000000000000e+01
0.000000000000000000e+00
9.922111518253194262e+00
9.433269325756766577e+00
9.660957443630270092e+00
9.815294433104218896e+00
4.502879671437882980e-02
9.323265988057659825e+00
1.000000000000000000e+01
9.678834342057436757e+00
2.255937626367736371e-01
9.690736786976806627e+00
9.523731210013558268e+00
8.290039273370521045e+00
9.913989853865297519e+00
9.813832299560084849e+00
0.000000000000000000e+00
9.820781149156276868e+00
9.390882808570289342e+00
9.037485434925237371e+00
1.000000000000000000e+01
0.000000000000000000e+00
9.360982545874104943e+00
9.628436697033500025e+00
9.969207924587919933e+00
1.628708117119873067e-01
1.000000000000000000e+01
9.308474196384501909e+00
8.352446370826013933e+00
1.000000000000000000e+01
1.000000000000000000e+01
0.000000000000000000e+00
9.739485630232824320e+00
9.910954737978851625e+00
9.290173279969231146e+00
9.823385431706180171e+00
0.000000000000000000e+00
9.220357894038404112e+00
9.895744168895259207e+00
1.000000000000000000e+01
6.535594979772031687e-02
9.919549407222540083e+00
9.794385597989320402e+00
8.475723915510316786e+00
1.000000000000000000e+01
1.000000000000000000e+01
0.000000000000000000e+00
9.272291148783962100e+00
9.935740895636417491e+00
9.431736875287164423e+00
1.000000000000000000e+01
0.000000000000000000e+00
9.862030093822671262e+00
1.000000000000000000e+01
1.000000000000000000e+01
4.137786477168779037e-02
9.555599934871244372e+00
9.813524213842317323e+00
8.954292977950304433e+00
1.000000000000000000e+01
9.559535085524828446e+00
0.000000000000000000e+00
9.041559989895487703e+00
1.000000000000000000e+01
9.533809181013619849e+00
1.000000000000000000e+01
1.840457936570274455e-01
1.000000000000000000e+01
1.000000000000000000e+01
1.000000000000000000e+01
5.970132894373512134e-01
9.732627710116140918e+00
9.980252472768247785e+00
9.558346521642057780e+00
1.000000000000000000e+01
9.551297838549842822e+00
1.006951623565216156e-02
8.978884979750240802e+00
9.871180109356460619e+00
9.317609017850013942e+00
9.948881383963591674e+00
2.039002052050037650e-01
9.856623897644329446e+00
9.859787796700464568e+00
1.000000000000000000e+01
8.406877558513525805e-02
1.000000000000000000e+01
9.567430747664509738e+00
9.511632043346603282e+00
9.948633685258826631e+00
9.427864605470510639e+00
0.000000000000000000e+00
8.991339823620991822e+00
1.000000000000000000e+01
9.408872522260638860e+00
9.794498625189817176e+00
9.022885119909129781e-02
1.000000000000000000e+01
9.480484317564640051e+00
9.798542489247884291e+00
7.823565420507555546e-02
9.373332778868153525e+00
9.418473307117462667e+00
9.381925027863173838e+00
1.000000000000000000e+01
1.000000000000000000e+01
0.000000000000000000e+00
9.143537055619582077e+00
9.446135917495876555e+00
9.663687819576828986e+00
1.000000000000000000e+01
5.657761491046749136e-02
1.000000000000000000e+01
9.725125495684931565e+00
9.870687938195441546e+00
7.276883313125122321e-02
9.954042764402279531e+00
9.866235506188392179e+00
9.125712741995968713e+00
9.526635353899811420e+00
9.883316110166198598e+00
0.000000000000000000e+00
8.970686399225721530e+00
9.449728656162344365e+00
9.385672117216429911e+00
9.779305275532067299e+00
0.000000000000000000e+00
1.000000000000000000e+01
9.823923092634565535e+00
1.000000000000000000e+01
9.216130402132559352e-02
9.265294546629395001e+00
9.853381580509712023e+00
8.565226581845539755e+00
9.826681635226535150e+00
9.378013151378350898e+00
1.792871182056346435e-01
8.841374280695584176e+00
9.507748807118950651e+00
8.883342356352843083e+00
9.724762783676876410e+00
0.000000000000000000e+00
9.971204970466288842e+00
1.000000000000000000e+01
9.750796777552389827e+00
0.000000000000000000e+00
9.281534250176671108e+00
9.657717397617883393e+00
8.895899561377747844e+00
9.677797082367048276e+00
1.000000000000000000e+01
9.022438814459003698e-02
7.891566337567702760e+00
9.474135347581928102e+00
8.433612002944629538e+00
9.690723794667730928e+00
0.000000000000000000e+00
9.580769786467035587e+00
1.000000000000000000e+01
9.237270916879577243e+00
0.000000000000000000e+00
9.457882336376478349e+00
9.188998071646651056e+00
9.441621267022609842e+00
8.863437542107529765e+00
1.000000000000000000e+01
4.232639080174997737e-02
7.555375587439052687e+00
8.815438937591913771e+00
8.573223761337740001e+00
9.982957469514353477e+00
0.000000000000000000e+00
8.700730029150706812e+00
9.971765164460959951e+00
8.814235565971181074e+00
0.000000000000000000e+00
9.415875807234781902e+00
9.309410959387019346e+00
9.560118505403099931e+00
8.765055419745772625e+00
9.967372691344200675e+00
0.000000000000000000e+00
8.111703232643128203e+00
9.449590292435839700e+00
8.432575974828267817e+00
9.681771668729039604e+00
0.000000000000000000e+00
8.827759655177109366e+00
9.531318670948774496e+00
9.091085594508941270e+00
0.000000000000000000e+00
9.843485014453209558e+00
9.172381016470129822e+00
8.984696674463398480e+00
8.530912202142101108e+00
1.000000000000000000e+01
0.000000000000000000e+00
7.929705467453199930e+00
9.423724567998116086e+00
8.762614741942014618e+00
1.000000000000000000e+01
0.000000000000000000e+00
8.906871940299785351e+00
9.466884190632610441e+00
9.229948458813270307e+00
0.000000000000000000e+00
9.864165932108848622e+00
8.837300496632277458e+00
9.006699873956520719e+00
