Optimization step        Yield
0.000000000000000000e+00 2.972279999999999887e-03
1.000000000000000000e+00 2.117079999999999917e-03
2.000000000000000000e+00 2.383800000000000155e-03
3.000000000000000000e+00 2.147479999999999788e-03
4.000000000000000000e+00 1.388200000000000024e-03
5.000000000000000000e+00 2.074439999999999878e-03
6.000000000000000000e+00 2.162359999999999890e-03
7.000000000000000000e+00 2.500179999999999850e-03
8.000000000000000000e+00 3.310860000000000105e-03
9.000000000000000000e+00 4.219999999999999793e-03
1.000000000000000000e+01 3.723499999999999813e-03
1.100000000000000000e+01 3.217460000000000112e-03
1.200000000000000000e+01 3.518040000000000056e-03
1.300000000000000000e+01 3.713479999999999906e-03
1.400000000000000000e+01 4.201120000000000028e-03
1.500000000000000000e+01 4.527159999999999691e-03
1.600000000000000000e+01 7.330180000000000376e-03
1.700000000000000000e+01 7.275219999999999777e-03
1.800000000000000000e+01 7.223580000000000279e-03
1.900000000000000000e+01 8.442180000000000517e-03
2.000000000000000000e+01 8.747780000000000139e-03
2.100000000000000000e+01 8.802880000000000774e-03
2.200000000000000000e+01 1.205872000000000020e-02
2.300000000000000000e+01 1.332241999999999975e-02
2.400000000000000000e+01 1.434084000000000053e-02
2.500000000000000000e+01 1.458281999999999981e-02
2.600000000000000000e+01 1.538735999999999923e-02
2.700000000000000000e+01 1.861739999999999923e-02
2.800000000000000000e+01 1.724673999999999999e-02
2.900000000000000000e+01 1.746104000000000059e-02
3.000000000000000000e+01 1.748589999999999867e-02
3.100000000000000000e+01 1.954952000000000079e-02
3.200000000000000000e+01 1.978326000000000043e-02
3.300000000000000000e+01 1.810227999999999837e-02
3.400000000000000000e+01 2.418125999999999956e-02
3.500000000000000000e+01 2.827653999999999931e-02
3.600000000000000000e+01 2.574668000000000095e-02
3.700000000000000000e+01 3.506887999999999672e-02
3.800000000000000000e+01 4.675333999999999740e-02
3.900000000000000000e+01 1.255179800000000012e-01
4.000000000000000000e+01 3.857293399999999761e-01
4.100000000000000000e+01 7.042040400000000311e-01
4.200000000000000000e+01 8.765247999999999928e-01
4.300000000000000000e+01 9.488389600000000090e-01
4.400000000000000000e+01 9.407121600000000194e-01
4.500000000000000000e+01 9.342025400000000257e-01
4.600000000000000000e+01 9.322357199999999899e-01
4.700000000000000000e+01 9.409773200000000060e-01
4.800000000000000000e+01 9.499207400000000412e-01
4.900000000000000000e+01 9.583721200000000495e-01
5.000000000000000000e+01 9.587232399999999766e-01
5.100000000000000000e+01 9.558119800000000055e-01
5.200000000000000000e+01 9.513978600000000396e-01
5.300000000000000000e+01 9.558095399999999575e-01
5.400000000000000000e+01 9.574152999999999691e-01
5.500000000000000000e+01 9.592895200000000067e-01
5.600000000000000000e+01 9.690187599999999790e-01
5.700000000000000000e+01 9.694865400000000077e-01
5.800000000000000000e+01 9.561884000000000494e-01
5.900000000000000000e+01 9.562953600000000387e-01
6.000000000000000000e+01 9.651081400000000032e-01
6.100000000000000000e+01 9.656838599999999495e-01
6.200000000000000000e+01 9.658811200000000374e-01
6.300000000000000000e+01 9.643197199999999913e-01
6.400000000000000000e+01 9.679934599999999723e-01
6.500000000000000000e+01 9.647372400000000514e-01
6.600000000000000000e+01 9.692391399999999990e-01
6.700000000000000000e+01 9.639165200000000544e-01
6.800000000000000000e+01 9.640356599999999609e-01
6.900000000000000000e+01 9.716594600000000304e-01
7.000000000000000000e+01 9.715103999999999962e-01
7.100000000000000000e+01 9.737830800000000231e-01
7.200000000000000000e+01 9.696907399999999955e-01
7.300000000000000000e+01 9.657608600000000543e-01
7.400000000000000000e+01 9.688160599999999789e-01
7.500000000000000000e+01 9.632965799999999579e-01
7.600000000000000000e+01 9.724828599999999490e-01
7.700000000000000000e+01 9.663187399999999538e-01
7.800000000000000000e+01 9.733576800000000029e-01
7.900000000000000000e+01 9.691476199999999874e-01
8.000000000000000000e+01 9.716411000000000353e-01
