Optimization step        Yield
0.000000000000000000e+00 2.528719999999999926e-03
1.000000000000000000e+00 2.792839999999999993e-03
2.000000000000000000e+00 5.801719999999999794e-03
3.000000000000000000e+00 6.680020000000000055e-03
4.000000000000000000e+00 7.896240000000000550e-03
5.000000000000000000e+00 1.048667999999999996e-02
6.000000000000000000e+00 1.788251999999999897e-02
7.000000000000000000e+00 1.551510000000000042e-02
8.000000000000000000e+00 2.163483999999999893e-02
9.000000000000000000e+00 2.830409999999999870e-02
1.000000000000000000e+01 8.830860000000000098e-02
1.100000000000000000e+01 3.814477199999999901e-01
1.200000000000000000e+01 8.397326999999999986e-01
1.300000000000000000e+01 9.490637400000000445e-01
1.400000000000000000e+01 9.562228200000000289e-01
1.500000000000000000e+01 8.591449799999999470e-01
1.600000000000000000e+01 9.021679799999999805e-01
1.700000000000000000e+01 8.736460200000000231e-01
1.800000000000000000e+01 9.279911600000000371e-01
1.900000000000000000e+01 9.120192400000000088e-01
2.000000000000000000e+01 7.771562400000000537e-01
2.100000000000000000e+01 9.007433200000000140e-01
2.200000000000000000e+01 7.739219400000000304e-01
2.300000000000000000e+01 8.918212800000000495e-01
2.400000000000000000e+01 9.193451400000000051e-01
2.500000000000000000e+01 9.027551000000000325e-01
2.600000000000000000e+01 9.412303600000000436e-01
2.700000000000000000e+01 9.017850400000000377e-01
2.800000000000000000e+01 9.550624599999999464e-01
2.900000000000000000e+01 9.607246799999999975e-01
3.000000000000000000e+01 9.642709400000000208e-01
3.100000000000000000e+01 9.611085200000000217e-01
3.200000000000000000e+01 9.596438999999999941e-01
3.300000000000000000e+01 9.488519199999999598e-01
3.400000000000000000e+01 9.443830399999999514e-01
3.500000000000000000e+01 9.125289800000000451e-01
3.600000000000000000e+01 9.602684400000000009e-01
3.700000000000000000e+01 9.128279000000000254e-01
3.800000000000000000e+01 8.642931400000000153e-01
3.900000000000000000e+01 6.560843800000000225e-01
4.000000000000000000e+01 8.290432800000000491e-01
4.100000000000000000e+01 6.916618599999999617e-01
4.200000000000000000e+01 8.149189399999999806e-01
4.300000000000000000e+01 8.860247399999999773e-01
4.400000000000000000e+01 7.859691800000000450e-01
4.500000000000000000e+01 9.016215400000000546e-01
4.600000000000000000e+01 8.286794800000000238e-01
4.700000000000000000e+01 8.758865000000000123e-01
4.800000000000000000e+01 9.692034999999999956e-01
4.900000000000000000e+01 9.659684200000000498e-01
5.000000000000000000e+01 9.404723799999999967e-01
5.100000000000000000e+01 9.397348399999999602e-01
5.200000000000000000e+01 9.337701000000000473e-01
5.300000000000000000e+01 8.368270199999999770e-01
5.400000000000000000e+01 9.397355200000000464e-01
5.500000000000000000e+01 9.422891199999999801e-01
5.600000000000000000e+01 9.395708000000000393e-01
5.700000000000000000e+01 9.070909999999999807e-01
5.800000000000000000e+01 9.509257199999999743e-01
5.900000000000000000e+01 9.708519399999999688e-01
6.000000000000000000e+01 9.693342999999999821e-01
6.100000000000000000e+01 9.593484199999999795e-01
6.200000000000000000e+01 9.610084800000000538e-01
6.300000000000000000e+01 9.675625799999999499e-01
6.400000000000000000e+01 9.539429200000000275e-01
6.500000000000000000e+01 9.269581000000000071e-01
6.600000000000000000e+01 9.529988600000000032e-01
6.700000000000000000e+01 9.257371800000000484e-01
6.800000000000000000e+01 9.182026800000000488e-01
6.900000000000000000e+01 8.715401400000000187e-01
7.000000000000000000e+01 9.558497599999999927e-01
7.100000000000000000e+01 9.414054600000000272e-01
7.200000000000000000e+01 9.309539599999999693e-01
7.300000000000000000e+01 9.321295800000000131e-01
7.400000000000000000e+01 9.560832000000000219e-01
7.500000000000000000e+01 9.504581399999999514e-01
7.600000000000000000e+01 9.250947999999999949e-01
7.700000000000000000e+01 9.462724000000000135e-01
7.800000000000000000e+01 7.987957999999999448e-01
7.900000000000000000e+01 9.159762799999999761e-01
8.000000000000000000e+01 9.465563999999999645e-01
