Optimization step        Yield
0.000000000000000000e+00 3.602160000000000084e-03
1.000000000000000000e+00 2.708519999999999851e-03
2.000000000000000000e+00 3.127120000000000160e-03
3.000000000000000000e+00 3.138479999999999916e-03
4.000000000000000000e+00 3.386940000000000176e-03
5.000000000000000000e+00 3.183860000000000162e-03
6.000000000000000000e+00 3.868019999999999792e-03
7.000000000000000000e+00 3.630360000000000011e-03
8.000000000000000000e+00 4.774719999999999659e-03
9.000000000000000000e+00 5.091720000000000100e-03
1.000000000000000000e+01 3.660520000000000006e-03
1.100000000000000000e+01 5.123159999999999867e-03
1.200000000000000000e+01 5.028280000000000423e-03
1.300000000000000000e+01 5.743879999999999819e-03
1.400000000000000000e+01 6.851359999999999915e-03
1.500000000000000000e+01 6.603239999999999804e-03
1.600000000000000000e+01 6.248619999999999869e-03
1.700000000000000000e+01 8.427999999999999728e-03
1.800000000000000000e+01 1.054861999999999987e-02
1.900000000000000000e+01 1.043728000000000017e-02
2.000000000000000000e+01 1.370241999999999988e-02
2.100000000000000000e+01 1.497266000000000048e-02
2.200000000000000000e+01 1.470969999999999916e-02
2.300000000000000000e+01 1.191356000000000012e-02
2.400000000000000000e+01 1.232077999999999993e-02
2.500000000000000000e+01 1.284161999999999977e-02
2.600000000000000000e+01 1.615418000000000062e-02
2.700000000000000000e+01 1.539040000000000026e-02
2.800000000000000000e+01 1.636519999999999989e-02
2.900000000000000000e+01 1.537059999999999989e-02
3.000000000000000000e+01 1.392645999999999988e-02
3.100000000000000000e+01 1.627622000000000096e-02
3.200000000000000000e+01 1.499480000000000084e-02
3.300000000000000000e+01 2.023586000000000135e-02
3.400000000000000000e+01 2.545599999999999946e-02
3.500000000000000000e+01 2.060398000000000091e-02
3.600000000000000000e+01 2.039047999999999902e-02
3.700000000000000000e+01 2.279267999999999919e-02
3.800000000000000000e+01 2.685297999999999852e-02
3.900000000000000000e+01 2.868019999999999944e-02
4.000000000000000000e+01 3.533532000000000339e-02
4.100000000000000000e+01 5.490720000000000323e-02
4.200000000000000000e+01 1.087639600000000067e-01
4.300000000000000000e+01 2.631679000000000102e-01
4.400000000000000000e+01 6.808400999999999481e-01
4.500000000000000000e+01 8.879126200000000413e-01
4.600000000000000000e+01 9.013376800000000300e-01
4.700000000000000000e+01 9.235220200000000546e-01
4.800000000000000000e+01 9.436029400000000011e-01
4.900000000000000000e+01 9.458931000000000422e-01
5.000000000000000000e+01 9.449152800000000241e-01
5.100000000000000000e+01 9.480070600000000125e-01
5.200000000000000000e+01 9.456924799999999465e-01
5.300000000000000000e+01 9.458509600000000184e-01
5.400000000000000000e+01 9.411726200000000153e-01
5.500000000000000000e+01 9.455671599999999621e-01
5.600000000000000000e+01 9.435202999999999784e-01
5.700000000000000000e+01 9.444242200000000365e-01
5.800000000000000000e+01 9.484396999999999966e-01
5.900000000000000000e+01 9.437226399999999460e-01
6.000000000000000000e+01 9.453090800000000238e-01
6.100000000000000000e+01 9.482136799999999477e-01
6.200000000000000000e+01 9.432269199999999687e-01
6.300000000000000000e+01 9.445265000000000466e-01
6.400000000000000000e+01 9.413054800000000277e-01
6.500000000000000000e+01 9.397114600000000539e-01
6.600000000000000000e+01 9.464784400000000320e-01
6.700000000000000000e+01 9.492625799999999670e-01
6.800000000000000000e+01 9.471508600000000389e-01
6.900000000000000000e+01 9.483993400000000351e-01
7.000000000000000000e+01 9.488378600000000329e-01
7.100000000000000000e+01 9.481851199999999924e-01
7.200000000000000000e+01 9.518191200000000185e-01
7.300000000000000000e+01 9.476210400000000256e-01
7.400000000000000000e+01 9.525309400000000482e-01
7.500000000000000000e+01 9.517082599999999726e-01
7.600000000000000000e+01 9.507225999999999733e-01
7.700000000000000000e+01 9.528752400000000122e-01
7.800000000000000000e+01 9.599839599999999695e-01
7.900000000000000000e+01 9.555753799999999742e-01
8.000000000000000000e+01 9.575012000000000523e-01
