# Optimization step        Yield
0.000000000000000000e+00 9.864557521259840200e-01
1.000000000000000000e+00 9.837830864566929900e-01
2.000000000000000000e+00 9.807775458267720126e-01
3.000000000000000000e+00 9.772336116535430550e-01
4.000000000000000000e+00 9.730292496062989960e-01
5.000000000000000000e+00 9.682465883464570489e-01
6.000000000000000000e+00 9.626647735433070396e-01
7.000000000000000000e+00 9.561099560629919836e-01
8.000000000000000000e+00 9.487092404724409844e-01
9.000000000000000000e+00 9.400851779527560348e-01
1.000000000000000000e+01 9.305542744881889483e-01
1.100000000000000000e+01 9.194495629921259905e-01
1.200000000000000000e+01 9.065718694488189566e-01
1.300000000000000000e+01 8.928087888188970256e-01
1.400000000000000000e+01 8.773285603149599821e-01
1.500000000000000000e+01 8.600281341732279872e-01
1.600000000000000000e+01 8.415622806299219993e-01
1.700000000000000000e+01 8.200905014173229812e-01
1.800000000000000000e+01 7.989307804724410378e-01
1.900000000000000000e+01 7.748609096063000523e-01
2.000000000000000000e+01 7.496179511811019713e-01
2.100000000000000000e+01 7.224534705511810317e-01
2.200000000000000000e+01 6.948783891338580210e-01
2.300000000000000000e+01 6.658970795275590548e-01
2.400000000000000000e+01 6.363758124409449879e-01
2.500000000000000000e+01 6.064958913385829486e-01
2.600000000000000000e+01 5.767960299212600006e-01
2.700000000000000000e+01 5.488101442519679463e-01
2.800000000000000000e+01 5.204214559055120315e-01
2.900000000000000000e+01 4.912703507086609855e-01
3.000000000000000000e+01 4.610603048818899818e-01
3.100000000000000000e+01 4.272656836220469767e-01
3.200000000000000000e+01 3.962565176377950138e-01
3.300000000000000000e+01 3.644774587401570232e-01
3.400000000000000000e+01 3.297690725984249727e-01
3.500000000000000000e+01 2.988596103937010140e-01
3.600000000000000000e+01 2.626468842519680269e-01
3.700000000000000000e+01 2.250242162204720009e-01
3.800000000000000000e+01 1.854061354330709954e-01
3.900000000000000000e+01 1.420840034645670102e-01
4.000000000000000000e+01 1.033534543307089992e-01
4.100000000000000000e+01 6.726475370078742466e-02
4.200000000000000000e+01 3.815137874015746972e-02
4.300000000000000000e+01 1.856558346456694056e-02
4.400000000000000000e+01 7.687159212598423073e-03
4.500000000000000000e+01 3.128627086614173009e-03
4.600000000000000000e+01 1.336810236220471911e-03
4.700000000000000000e+01 6.089166929133858850e-04
4.800000000000000000e+01 3.063870866141732235e-04
4.900000000000000000e+01 1.565431496062992002e-04
5.000000000000000000e+01 8.091370078740158130e-05
5.100000000000000000e+01 4.929795275590548699e-05
5.200000000000000000e+01 2.719637795275588950e-05
5.300000000000000000e+01 2.370755905511811879e-05
5.400000000000000000e+01 1.089259842519685068e-05
5.500000000000000000e+01 1.159826771653542962e-05
5.600000000000000000e+01 4.541102362204723116e-06
5.700000000000000000e+01 4.177322834645668907e-06
5.800000000000000000e+01 3.884881889763780315e-06
5.900000000000000000e+01 3.502834645669289802e-06
6.000000000000000000e+01 1.155590551181102977e-06
6.100000000000000000e+01 1.127401574803150065e-06
6.200000000000000000e+01 1.117795275590550977e-06
6.300000000000000000e+01 6.440944881889764589e-07
6.400000000000000000e+01 3.719685039370077887e-07
6.500000000000000000e+01 2.029921259842519925e-07
6.600000000000000000e+01 2.188976377952755938e-07
6.700000000000000000e+01 3.998425196850394227e-07
6.800000000000000000e+01 3.390551181102361952e-07
6.900000000000000000e+01 4.278740157480315100e-07
7.000000000000000000e+01 1.359055118110235906e-07
7.100000000000000000e+01 2.291338582677164957e-07
7.200000000000000000e+01 0.000000000000000000e+00
7.300000000000000000e+01 2.960629921259842061e-08
7.400000000000000000e+01 1.968503937007873971e-08
7.500000000000000000e+01 0.000000000000000000e+00
7.600000000000000000e+01 6.141732283464567279e-09
7.700000000000000000e+01 2.519685039370079053e-09
7.800000000000000000e+01 0.000000000000000000e+00
7.900000000000000000e+01 1.574803149606298891e-10
8.000000000000000000e+01 0.000000000000000000e+00
8.100000000000000000e+01 4.724409448818897398e-09
8.200000000000000000e+01 1.318110236220471980e-07
8.300000000000000000e+01 0.000000000000000000e+00
8.400000000000000000e+01 3.448818897637794670e-08
8.500000000000000000e+01 0.000000000000000000e+00
8.600000000000000000e+01 0.000000000000000000e+00
8.700000000000000000e+01 0.000000000000000000e+00
8.800000000000000000e+01 4.897637795275591284e-08
8.900000000000000000e+01 0.000000000000000000e+00
9.000000000000000000e+01 0.000000000000000000e+00
9.100000000000000000e+01 0.000000000000000000e+00
9.200000000000000000e+01 4.692913385826772320e-08
9.300000000000000000e+01 0.000000000000000000e+00
9.400000000000000000e+01 0.000000000000000000e+00
9.500000000000000000e+01 0.000000000000000000e+00
9.600000000000000000e+01 0.000000000000000000e+00
9.700000000000000000e+01 0.000000000000000000e+00
9.800000000000000000e+01 0.000000000000000000e+00
9.900000000000000000e+01 0.000000000000000000e+00
1.000000000000000000e+02 0.000000000000000000e+00
1.010000000000000000e+02 9.291338582677164441e-09
1.020000000000000000e+02 8.503937007874015978e-09
1.030000000000000000e+02 0.000000000000000000e+00
1.040000000000000000e+02 0.000000000000000000e+00
1.050000000000000000e+02 0.000000000000000000e+00
