# Optimization step        Yield
0.000000000000000000e+00 9.864557521259840200e-01
1.000000000000000000e+00 9.837847689763780101e-01
2.000000000000000000e+00 9.807960121259849950e-01
3.000000000000000000e+00 9.772823105511809771e-01
4.000000000000000000e+00 9.731213001574799959e-01
5.000000000000000000e+00 9.683893524409450393e-01
6.000000000000000000e+00 9.628308132283469600e-01
7.000000000000000000e+00 9.565166211023630183e-01
8.000000000000000000e+00 9.493094370078739574e-01
9.000000000000000000e+00 9.410250034645669670e-01
1.000000000000000000e+01 9.322345300787400202e-01
1.100000000000000000e+01 9.214063625196849960e-01
1.200000000000000000e+01 9.096420622047239890e-01
1.300000000000000000e+01 8.973169711811029847e-01
1.400000000000000000e+01 8.830896877165359538e-01
1.500000000000000000e+01 8.682155653543309759e-01
1.600000000000000000e+01 8.518621533858260486e-01
1.700000000000000000e+01 8.342398685039370543e-01
1.800000000000000000e+01 8.157798118110239916e-01
1.900000000000000000e+01 7.970552003149610210e-01
2.000000000000000000e+01 7.775028311811019721e-01
2.100000000000000000e+01 7.571748995275590088e-01
2.200000000000000000e+01 7.348560845669289687e-01
2.300000000000000000e+01 7.130484429921259970e-01
2.400000000000000000e+01 6.897521686614169756e-01
2.500000000000000000e+01 6.689973231496060269e-01
2.600000000000000000e+01 6.494663533858270332e-01
2.700000000000000000e+01 6.301263360629919541e-01
2.800000000000000000e+01 6.109163138582669461e-01
2.900000000000000000e+01 5.944877300787400065e-01
3.000000000000000000e+01 5.757363214173230048e-01
3.100000000000000000e+01 5.556750957480309783e-01
3.200000000000000000e+01 5.359295577952759571e-01
3.300000000000000000e+01 5.189900795275590450e-01
3.400000000000000000e+01 5.023116086614169973e-01
3.500000000000000000e+01 4.899707719685040264e-01
3.600000000000000000e+01 4.724496803149609847e-01
3.700000000000000000e+01 4.580861588976379850e-01
3.800000000000000000e+01 4.416393275590549949e-01
3.900000000000000000e+01 4.240391220472439771e-01
4.000000000000000000e+01 4.134132014173230174e-01
4.100000000000000000e+01 4.006063411023619847e-01
4.200000000000000000e+01 3.864290959055119989e-01
4.300000000000000000e+01 3.691295376377949911e-01
4.400000000000000000e+01 3.529176659842520047e-01
4.500000000000000000e+01 3.390860428346459954e-01
4.600000000000000000e+01 3.228301918110240143e-01
4.700000000000000000e+01 3.050865563779530110e-01
4.800000000000000000e+01 2.894345998425200128e-01
4.900000000000000000e+01 2.706912492913389756e-01
5.000000000000000000e+01 2.496226963779530073e-01
5.100000000000000000e+01 2.272722779527560077e-01
5.200000000000000000e+01 2.044151751181099985e-01
5.300000000000000000e+01 1.800405796850390039e-01
5.400000000000000000e+01 1.518468582677169887e-01
5.500000000000000000e+01 1.208403278740159958e-01
5.600000000000000000e+01 9.006611606299214090e-02
5.700000000000000000e+01 6.034683905511813856e-02
5.800000000000000000e+01 3.514204834645669184e-02
5.900000000000000000e+01 1.755328708661416104e-02
6.000000000000000000e+01 7.533447401574800729e-03
6.100000000000000000e+01 3.123554645669289042e-03
6.200000000000000000e+01 1.352772598425196898e-03
6.300000000000000000e+01 6.283318110236218350e-04
6.400000000000000000e+01 3.369431496062993839e-04
6.500000000000000000e+01 1.546166929133859012e-04
6.600000000000000000e+01 9.287590551181103553e-05
6.700000000000000000e+01 4.444740157480317174e-05
6.800000000000000000e+01 3.597086614173225966e-05
6.900000000000000000e+01 1.912661417322834021e-05
7.000000000000000000e+01 1.353055118110235921e-05
7.100000000000000000e+01 7.777637795275591344e-06
7.200000000000000000e+01 8.662047244094488318e-06
7.300000000000000000e+01 4.381102362204723801e-06
7.400000000000000000e+01 3.722992125984252172e-06
7.500000000000000000e+01 3.449921259842519035e-06
7.600000000000000000e+01 2.011181102362205014e-06
7.700000000000000000e+01 1.015275590551181081e-06
7.800000000000000000e+01 8.595275590551182411e-07
7.900000000000000000e+01 3.938582677165355255e-07
8.000000000000000000e+01 7.001574803149608452e-07
8.100000000000000000e+01 6.648818897637794870e-07
8.200000000000000000e+01 5.793700787401576098e-07
8.300000000000000000e+01 2.031496062992126047e-07
8.400000000000000000e+01 5.055118110236219984e-08
8.500000000000000000e+01 3.937007874015748107e-09
8.600000000000000000e+01 3.937007874015748107e-09
8.700000000000000000e+01 1.395275590551180937e-07
8.800000000000000000e+01 1.555905511811024130e-07
8.900000000000000000e+01 1.259842519685038906e-09
9.000000000000000000e+01 1.133858267716535078e-08
9.100000000000000000e+01 1.763779527559055007e-08
9.200000000000000000e+01 2.031496062992126113e-08
9.300000000000000000e+01 5.716535433070865818e-08
9.400000000000000000e+01 0.000000000000000000e+00
9.500000000000000000e+01 2.144881889763780034e-07
9.600000000000000000e+01 4.488188976377952693e-08
9.700000000000000000e+01 7.590551181102360915e-08
9.800000000000000000e+01 0.000000000000000000e+00
9.900000000000000000e+01 9.606299212598425150e-09
1.000000000000000000e+02 1.574803149606298891e-10
1.010000000000000000e+02 0.000000000000000000e+00
1.020000000000000000e+02 0.000000000000000000e+00
1.030000000000000000e+02 0.000000000000000000e+00
1.040000000000000000e+02 0.000000000000000000e+00
1.050000000000000000e+02 0.000000000000000000e+00
