# Optimization step        Yield
0.000000000000000000e+00 9.864557521259840200e-01
1.000000000000000000e+00 9.837910869291339733e-01
2.000000000000000000e+00 9.808059751181099628e-01
3.000000000000000000e+00 9.773220566929130548e-01
4.000000000000000000e+00 9.732182593700789974e-01
5.000000000000000000e+00 9.685868574803150333e-01
6.000000000000000000e+00 9.630875692913379860e-01
7.000000000000000000e+00 9.568948036220480402e-01
8.000000000000000000e+00 9.500562491338579996e-01
9.000000000000000000e+00 9.420386995275590314e-01
1.000000000000000000e+01 9.334601631496060037e-01
1.100000000000000000e+01 9.234422129133860180e-01
1.200000000000000000e+01 9.127881020472440321e-01
1.300000000000000000e+01 9.015056862992130160e-01
1.400000000000000000e+01 8.886116919685039806e-01
1.500000000000000000e+01 8.753239985826769542e-01
1.600000000000000000e+01 8.611914848818900126e-01
1.700000000000000000e+01 8.463453270866150291e-01
1.800000000000000000e+01 8.307391188976379626e-01
1.900000000000000000e+01 8.153257685039370095e-01
2.000000000000000000e+01 7.991311587401570549e-01
2.100000000000000000e+01 7.826277089763780115e-01
2.200000000000000000e+01 7.660569404724409948e-01
2.300000000000000000e+01 7.491352521259839747e-01
2.400000000000000000e+01 7.336495984251969471e-01
2.500000000000000000e+01 7.166886719685040541e-01
2.600000000000000000e+01 7.025576727559049717e-01
2.700000000000000000e+01 6.861197329133860157e-01
2.800000000000000000e+01 6.735676779527559610e-01
2.900000000000000000e+01 6.605124927559049564e-01
3.000000000000000000e+01 6.513463055118110523e-01
3.100000000000000000e+01 6.412977348031489999e-01
3.200000000000000000e+01 6.331485439370080348e-01
3.300000000000000000e+01 6.263285409448819951e-01
3.400000000000000000e+01 6.196629930708660305e-01
3.500000000000000000e+01 6.128777404724410349e-01
3.600000000000000000e+01 6.088500059842519851e-01
3.700000000000000000e+01 6.037262922834639722e-01
3.800000000000000000e+01 5.986543223622049492e-01
3.900000000000000000e+01 5.905957044094489738e-01
4.000000000000000000e+01 5.833859385826769550e-01
4.100000000000000000e+01 5.761201366929129541e-01
4.200000000000000000e+01 5.730382411023620115e-01
4.300000000000000000e+01 5.670829776377950271e-01
4.400000000000000000e+01 5.589877450393699876e-01
4.500000000000000000e+01 5.582304815748030391e-01
4.600000000000000000e+01 5.538248433070870336e-01
4.700000000000000000e+01 5.498079092913380483e-01
4.800000000000000000e+01 5.460270981102369747e-01
4.900000000000000000e+01 5.423630674015750275e-01
5.000000000000000000e+01 5.400152796850390402e-01
5.100000000000000000e+01 5.394503229921260301e-01
5.200000000000000000e+01 5.419013946456689990e-01
5.300000000000000000e+01 5.381412092913380185e-01
5.400000000000000000e+01 5.383133314960629745e-01
5.500000000000000000e+01 5.349044825196850317e-01
5.600000000000000000e+01 5.344564592125979896e-01
5.700000000000000000e+01 5.352082417322829855e-01
5.800000000000000000e+01 5.346514573228350331e-01
5.900000000000000000e+01 5.321418137007869475e-01
6.000000000000000000e+01 5.293804026771650184e-01
6.100000000000000000e+01 5.313612118110240257e-01
6.200000000000000000e+01 5.275391952755910108e-01
6.300000000000000000e+01 5.274751957480310338e-01
6.400000000000000000e+01 5.249573647244090147e-01
6.500000000000000000e+01 5.275416206299210486e-01
6.600000000000000000e+01 5.221335453543309857e-01
6.700000000000000000e+01 5.218541576377949687e-01
6.800000000000000000e+01 5.253234899212599895e-01
6.900000000000000000e+01 5.251889494488189980e-01
7.000000000000000000e+01 5.227485118110229978e-01
7.100000000000000000e+01 5.234666503937009940e-01
7.200000000000000000e+01 5.223410837795270378e-01
7.300000000000000000e+01 5.271082006299210310e-01
7.400000000000000000e+01 5.223339603149610433e-01
7.500000000000000000e+01 5.267314694488189897e-01
7.600000000000000000e+01 5.296705464566929811e-01
7.700000000000000000e+01 5.263240853543309505e-01
7.800000000000000000e+01 5.262711472440949612e-01
7.900000000000000000e+01 5.241886399999999835e-01
8.000000000000000000e+01 5.281450565354329774e-01
8.100000000000000000e+01 5.276788274015750124e-01
8.200000000000000000e+01 5.239772426771649450e-01
8.300000000000000000e+01 5.266281003149609896e-01
8.400000000000000000e+01 5.255779699212600464e-01
8.500000000000000000e+01 5.278428096062990349e-01
8.600000000000000000e+01 5.270470718110239483e-01
8.700000000000000000e+01 5.285973796850389483e-01
8.800000000000000000e+01 5.264701585826769836e-01
8.900000000000000000e+01 5.284766365354329754e-01
9.000000000000000000e+01 5.284237782677160267e-01
9.100000000000000000e+01 5.264478518110240479e-01
9.200000000000000000e+01 5.207723844094489518e-01
9.300000000000000000e+01 5.215625639370079503e-01
9.400000000000000000e+01 5.225737826771650330e-01
9.500000000000000000e+01 5.221649612598420198e-01
9.600000000000000000e+01 5.217475480314960334e-01
9.700000000000000000e+01 5.223176280314959508e-01
9.800000000000000000e+01 5.221355097637789822e-01
9.900000000000000000e+01 5.275081755905509651e-01
1.000000000000000000e+02 5.252869229921259819e-01
1.010000000000000000e+02 5.266748661417319788e-01
1.020000000000000000e+02 5.297514896062990308e-01
1.030000000000000000e+02 5.307564190551179450e-01
1.040000000000000000e+02 5.318583609448820360e-01
1.050000000000000000e+02 5.310237053543309660e-01
