# Lambda        D*        Error in D*
4.000000000000000000e+04 8.698866911270636493e+00 3.249633372791313479e-01
3.000000000000000000e+04 8.414003007717180793e+00 3.503042165621085835e-01
2.500000000000000000e+04 8.287157867130474642e+00 4.293019536019176963e-01
2.000000000000000000e+04 7.991701577011506075e+00 2.517994699942265324e-01
1.500000000000000000e+04 7.542699337378599544e+00 1.749254239648260767e-01
1.000000000000000000e+04 7.016447344597460223e+00 2.148184194901631150e-01
8.000000000000000000e+03 6.775531096832677846e+00 1.877620315954750263e-01
6.000000000000000000e+03 6.258632791637741555e+00 8.760844810787837833e-02
5.000000000000000000e+03 5.906771654659094040e+00 1.215469587396897921e-01
