# Optimization step        Yield
0.000000000000000000e+00 9.864557521259840200e-01
1.000000000000000000e+00 9.838450639370079909e-01
2.000000000000000000e+00 9.810015184251970055e-01
3.000000000000000000e+00 9.776658507086619654e-01
4.000000000000000000e+00 9.738416763779530472e-01
5.000000000000000000e+00 9.695948239370080213e-01
6.000000000000000000e+00 9.649719055118110012e-01
7.000000000000000000e+00 9.595248559055119530e-01
8.000000000000000000e+00 9.536497748031500521e-01
9.000000000000000000e+00 9.474549655118109648e-01
1.000000000000000000e+01 9.406131034645669464e-01
1.100000000000000000e+01 9.338260960629920504e-01
1.200000000000000000e+01 9.259622436220470432e-01
1.300000000000000000e+01 9.190780018897639625e-01
1.400000000000000000e+01 9.119760560629920354e-01
1.500000000000000000e+01 9.048297417322830327e-01
1.600000000000000000e+01 8.982248574803149976e-01
1.700000000000000000e+01 8.906081218897640150e-01
1.800000000000000000e+01 8.841315703937010495e-01
1.900000000000000000e+01 8.776430091338589534e-01
2.000000000000000000e+01 8.720213365354330115e-01
2.100000000000000000e+01 8.654702329133859839e-01
2.200000000000000000e+01 8.602599130708660224e-01
2.300000000000000000e+01 8.546133807874020105e-01
2.400000000000000000e+01 8.495748861417320441e-01
2.500000000000000000e+01 8.452004985826769845e-01
2.600000000000000000e+01 8.406745119685039569e-01
2.700000000000000000e+01 8.375376121259839879e-01
2.800000000000000000e+01 8.337298606299220483e-01
2.900000000000000000e+01 8.314608325984249593e-01
3.000000000000000000e+01 8.300962875590549572e-01
3.100000000000000000e+01 8.290933307086609805e-01
3.200000000000000000e+01 8.277966149606299506e-01
3.300000000000000000e+01 8.267709363779529586e-01
3.400000000000000000e+01 8.267650015748030379e-01
3.500000000000000000e+01 8.249863959055120377e-01
3.600000000000000000e+01 8.234972826771650434e-01
3.700000000000000000e+01 8.216421256692909569e-01
3.800000000000000000e+01 8.193078659842519818e-01
3.900000000000000000e+01 8.182737984251969854e-01
4.000000000000000000e+01 8.173944072440939568e-01
4.100000000000000000e+01 8.175724277165350440e-01
4.200000000000000000e+01 8.153766625196849915e-01
4.300000000000000000e+01 8.148787981102360023e-01
4.400000000000000000e+01 8.128418976377950189e-01
4.500000000000000000e+01 8.131445599999990170e-01
4.600000000000000000e+01 8.147218762204719855e-01
4.700000000000000000e+01 8.154441910236219782e-01
4.800000000000000000e+01 8.142609790551179616e-01
4.900000000000000000e+01 8.135550297637800243e-01
5.000000000000000000e+01 8.127035006299210274e-01
5.100000000000000000e+01 8.142047418897639943e-01
5.200000000000000000e+01 8.140677096062990392e-01
5.300000000000000000e+01 8.148205431496069462e-01
5.400000000000000000e+01 8.154402308661420351e-01
5.500000000000000000e+01 8.150830173228349462e-01
5.600000000000000000e+01 8.130459696062990460e-01
5.700000000000000000e+01 8.140413050393700001e-01
5.800000000000000000e+01 8.146622970078739590e-01
5.900000000000000000e+01 8.146176190551179808e-01
6.000000000000000000e+01 8.148892902362200319e-01
6.100000000000000000e+01 8.150322872440940447e-01
6.200000000000000000e+01 8.148091817322840047e-01
6.300000000000000000e+01 8.161505481889770319e-01
6.400000000000000000e+01 8.162139844094490337e-01
6.500000000000000000e+01 8.149205525984249965e-01
6.600000000000000000e+01 8.145620541732280229e-01
6.700000000000000000e+01 8.145502519685039466e-01
6.800000000000000000e+01 8.156059741732279988e-01
6.900000000000000000e+01 8.150011913385829532e-01
7.000000000000000000e+01 8.153934039370079878e-01
7.100000000000000000e+01 8.151086155905510333e-01
7.200000000000000000e+01 8.149398114960629824e-01
7.300000000000000000e+01 8.139088640944880382e-01
7.400000000000000000e+01 8.147992215748030009e-01
7.500000000000000000e+01 8.139037311811020414e-01
7.600000000000000000e+01 8.133988845669289924e-01
7.700000000000000000e+01 8.137175116535430019e-01
7.800000000000000000e+01 8.133290521259850525e-01
7.900000000000000000e+01 8.136460823622050365e-01
8.000000000000000000e+01 8.116100352755909464e-01
8.100000000000000000e+01 8.109299656692909863e-01
8.200000000000000000e+01 8.116151924409450436e-01
8.300000000000000000e+01 8.104008617322829844e-01
8.400000000000000000e+01 8.104661351181100537e-01
8.500000000000000000e+01 8.107801118110230520e-01
8.600000000000000000e+01 8.098696111811020115e-01
8.700000000000000000e+01 8.090889184251970345e-01
8.800000000000000000e+01 8.096041959055120252e-01
8.900000000000000000e+01 8.094303866141729920e-01
9.000000000000000000e+01 8.125019814173229937e-01
9.100000000000000000e+01 8.142327993700789746e-01
9.200000000000000000e+01 8.139798245669299659e-01
9.300000000000000000e+01 8.132470612598430293e-01
9.400000000000000000e+01 8.115276255118110127e-01
9.500000000000000000e+01 8.130128562204720355e-01
9.600000000000000000e+01 8.123746014173229835e-01
9.700000000000000000e+01 8.128813776377949996e-01
9.800000000000000000e+01 8.137658500787400273e-01
9.900000000000000000e+01 8.149729514960629695e-01
1.000000000000000000e+02 8.152968433070859611e-01
1.010000000000000000e+02 8.171950540157479903e-01
1.020000000000000000e+02 8.180892349606300185e-01
1.030000000000000000e+02 8.171857137007869643e-01
1.040000000000000000e+02 8.176876311811019926e-01
1.050000000000000000e+02 8.180756781102369590e-01
