# Optimization step        Yield
0.000000000000000000e+00 9.864557521259840200e-01
1.000000000000000000e+00 9.843038122834649739e-01
2.000000000000000000e+00 9.820423305511809531e-01
3.000000000000000000e+00 9.798399640944880362e-01
4.000000000000000000e+00 9.775730782677169994e-01
5.000000000000000000e+00 9.753312233070869919e-01
6.000000000000000000e+00 9.727040092913380454e-01
7.000000000000000000e+00 9.706894588976380245e-01
8.000000000000000000e+00 9.684849757480310517e-01
9.000000000000000000e+00 9.664328521259839544e-01
1.000000000000000000e+01 9.644069793700790205e-01
1.100000000000000000e+01 9.625185040944880255e-01
1.200000000000000000e+01 9.607867620472440029e-01
1.300000000000000000e+01 9.598473604724410135e-01
1.400000000000000000e+01 9.588502066141729729e-01
1.500000000000000000e+01 9.581503537007880489e-01
1.600000000000000000e+01 9.575076954330710155e-01
1.700000000000000000e+01 9.570530069291339759e-01
1.800000000000000000e+01 9.566400351181100215e-01
1.900000000000000000e+01 9.568186458267720074e-01
2.000000000000000000e+01 9.563123645669290296e-01
2.100000000000000000e+01 9.558268278740159607e-01
2.200000000000000000e+01 9.553231229921259615e-01
2.300000000000000000e+01 9.550258085039370348e-01
2.400000000000000000e+01 9.551169565354330482e-01
2.500000000000000000e+01 9.549255911811029840e-01
2.600000000000000000e+01 9.546413718110230429e-01
2.700000000000000000e+01 9.547058811023629854e-01
2.800000000000000000e+01 9.550712374803149718e-01
2.900000000000000000e+01 9.551574914960629936e-01
3.000000000000000000e+01 9.552128922834649538e-01
3.100000000000000000e+01 9.551286248818899871e-01
3.200000000000000000e+01 9.551208044094490202e-01
3.300000000000000000e+01 9.548393303936999477e-01
3.400000000000000000e+01 9.548632051968499734e-01
3.500000000000000000e+01 9.548589897637790314e-01
3.600000000000000000e+01 9.550109645669280223e-01
3.700000000000000000e+01 9.551116483464570095e-01
3.800000000000000000e+01 9.552224067716540423e-01
3.900000000000000000e+01 9.553441825196850035e-01
4.000000000000000000e+01 9.555448959055109492e-01
4.100000000000000000e+01 9.556013782677169610e-01
4.200000000000000000e+01 9.556288979527559624e-01
4.300000000000000000e+01 9.557177858267720261e-01
4.400000000000000000e+01 9.558945245669290269e-01
4.500000000000000000e+01 9.557312426771650271e-01
4.600000000000000000e+01 9.558862089763779935e-01
4.700000000000000000e+01 9.561519262992129731e-01
4.800000000000000000e+01 9.562629305511820554e-01
4.900000000000000000e+01 9.561302338582670091e-01
5.000000000000000000e+01 9.560964574803150207e-01
5.100000000000000000e+01 9.558761459842519681e-01
5.200000000000000000e+01 9.558994916535430431e-01
5.300000000000000000e+01 9.555723292913379519e-01
5.400000000000000000e+01 9.554305376377949521e-01
5.500000000000000000e+01 9.554916343307090498e-01
5.600000000000000000e+01 9.555964226771650472e-01
5.700000000000000000e+01 9.558442357480310125e-01
5.800000000000000000e+01 9.557684507086610104e-01
5.900000000000000000e+01 9.560762801574800296e-01
6.000000000000000000e+01 9.559306513385820159e-01
6.100000000000000000e+01 9.555906530708659918e-01
6.200000000000000000e+01 9.557788453543309970e-01
6.300000000000000000e+01 9.558391768503929908e-01
6.400000000000000000e+01 9.557088913385830553e-01
6.500000000000000000e+01 9.555902952755900293e-01
6.600000000000000000e+01 9.558915869291330081e-01
6.700000000000000000e+01 9.558342825196850523e-01
6.800000000000000000e+01 9.557061546456689927e-01
6.900000000000000000e+01 9.557153508661410113e-01
7.000000000000000000e+01 9.554260799999999554e-01
7.100000000000000000e+01 9.552149609448820078e-01
7.200000000000000000e+01 9.554595366929129474e-01
7.300000000000000000e+01 9.552710211023619502e-01
7.400000000000000000e+01 9.553623897637789630e-01
7.500000000000000000e+01 9.553370125984259609e-01
7.600000000000000000e+01 9.555496880314959807e-01
7.700000000000000000e+01 9.558115779527559530e-01
7.800000000000000000e+01 9.558597748031499863e-01
7.900000000000000000e+01 9.554884217322839879e-01
8.000000000000000000e+01 9.556083850393699564e-01
8.100000000000000000e+01 9.556360729133860366e-01
8.200000000000000000e+01 9.555223144881890285e-01
8.300000000000000000e+01 9.554777743307090176e-01
8.400000000000000000e+01 9.555765327559060385e-01
8.500000000000000000e+01 9.555571368503930074e-01
8.600000000000000000e+01 9.555696077165359847e-01
8.700000000000000000e+01 9.559343722834650059e-01
8.800000000000000000e+01 9.560579296062989840e-01
8.900000000000000000e+01 9.559556981102359519e-01
9.000000000000000000e+01 9.557762516535429631e-01
9.100000000000000000e+01 9.555690155905509631e-01
9.200000000000000000e+01 9.554530669291340095e-01
9.300000000000000000e+01 9.554338966929140087e-01
9.400000000000000000e+01 9.556192124409440547e-01
9.500000000000000000e+01 9.557097362204729496e-01
9.600000000000000000e+01 9.558176973228349471e-01
9.700000000000000000e+01 9.556437278740159691e-01
9.800000000000000000e+01 9.553908056692910211e-01
9.900000000000000000e+01 9.551061003149610151e-01
1.000000000000000000e+02 9.549659886614170201e-01
1.010000000000000000e+02 9.552511993700789628e-01
1.020000000000000000e+02 9.553971130708670545e-01
1.030000000000000000e+02 9.555199992125980035e-01
1.040000000000000000e+02 9.556469357480319449e-01
1.050000000000000000e+02 9.555782385826769865e-01
