# Optimization step        Yield
0.000000000000000000e+00 9.864557521259840200e-01
1.000000000000000000e+00 9.837950792125980115e-01
2.000000000000000000e+00 9.808338363779519620e-01
3.000000000000000000e+00 9.773875187401569464e-01
4.000000000000000000e+00 9.733025044094479883e-01
5.000000000000000000e+00 9.687562659842520185e-01
6.000000000000000000e+00 9.633769629921260513e-01
7.000000000000000000e+00 9.573732236220470204e-01
8.000000000000000000e+00 9.508020683464569744e-01
9.000000000000000000e+00 9.430625525984249746e-01
1.000000000000000000e+01 9.348655792125990516e-01
1.100000000000000000e+01 9.256131554330699895e-01
1.200000000000000000e+01 9.159205103937010373e-01
1.300000000000000000e+01 9.050493770078740230e-01
1.400000000000000000e+01 8.939793409448819617e-01
1.500000000000000000e+01 8.820848491338579844e-01
1.600000000000000000e+01 8.700367118110240439e-01
1.700000000000000000e+01 8.570630062992119491e-01
1.800000000000000000e+01 8.442204166929140330e-01
1.900000000000000000e+01 8.311850138582680403e-01
2.000000000000000000e+01 8.183482185826770339e-01
2.100000000000000000e+01 8.049628130708660345e-01
2.200000000000000000e+01 7.919136688188980200e-01
2.300000000000000000e+01 7.804993678740159702e-01
2.400000000000000000e+01 7.688583069291340388e-01
2.500000000000000000e+01 7.573329244094489932e-01
2.600000000000000000e+01 7.468297524409449606e-01
2.700000000000000000e+01 7.356181467716540467e-01
2.800000000000000000e+01 7.253637393700780311e-01
2.900000000000000000e+01 7.168194592125990416e-01
3.000000000000000000e+01 7.094266943307080409e-01
3.100000000000000000e+01 7.031540450393699571e-01
3.200000000000000000e+01 6.977065248818900001e-01
3.300000000000000000e+01 6.920368985826770292e-01
3.400000000000000000e+01 6.874786363779520348e-01
3.500000000000000000e+01 6.811148206299210139e-01
3.600000000000000000e+01 6.754190762204720366e-01
3.700000000000000000e+01 6.701584861417320127e-01
3.800000000000000000e+01 6.665143568503939520e-01
3.900000000000000000e+01 6.629782600000000414e-01
4.000000000000000000e+01 6.574365097637789868e-01
4.100000000000000000e+01 6.548462107086610029e-01
4.200000000000000000e+01 6.550590721259840210e-01
4.300000000000000000e+01 6.529429669291340055e-01
4.400000000000000000e+01 6.530309277165360360e-01
4.500000000000000000e+01 6.515138069291339651e-01
4.600000000000000000e+01 6.515855839370080504e-01
4.700000000000000000e+01 6.484162469291340214e-01
4.800000000000000000e+01 6.490130165354329739e-01
4.900000000000000000e+01 6.465012875590550046e-01
5.000000000000000000e+01 6.446713837795280400e-01
5.100000000000000000e+01 6.468776645669289671e-01
5.200000000000000000e+01 6.499032748031500217e-01
5.300000000000000000e+01 6.520591544881889634e-01
5.400000000000000000e+01 6.518187878740160368e-01
5.500000000000000000e+01 6.509612685039369850e-01
5.600000000000000000e+01 6.491543829921260222e-01
5.700000000000000000e+01 6.493034474015749735e-01
5.800000000000000000e+01 6.469988762204720301e-01
5.900000000000000000e+01 6.494744362204719623e-01
6.000000000000000000e+01 6.525710801574799991e-01
6.100000000000000000e+01 6.540825519685039557e-01
6.200000000000000000e+01 6.536351395275590281e-01
6.300000000000000000e+01 6.525628333858269903e-01
6.400000000000000000e+01 6.545540025196849854e-01
6.500000000000000000e+01 6.543528651968509857e-01
6.600000000000000000e+01 6.534036018897639853e-01
6.700000000000000000e+01 6.554410795275590340e-01
6.800000000000000000e+01 6.551889744881890243e-01
6.900000000000000000e+01 6.531030488188970251e-01
7.000000000000000000e+01 6.540195428346460282e-01
7.100000000000000000e+01 6.548986674015749854e-01
7.200000000000000000e+01 6.518646557480319847e-01
7.300000000000000000e+01 6.498748333858269666e-01
7.400000000000000000e+01 6.478728314960630064e-01
7.500000000000000000e+01 6.473026034645670279e-01
7.600000000000000000e+01 6.457000448818900340e-01
7.700000000000000000e+01 6.452893444094489617e-01
7.800000000000000000e+01 6.436156878740160181e-01
7.900000000000000000e+01 6.394211220472439949e-01
8.000000000000000000e+01 6.401623077165350395e-01
8.100000000000000000e+01 6.387240672440950284e-01
8.200000000000000000e+01 6.370971242519689604e-01
8.300000000000000000e+01 6.381718166929130076e-01
8.400000000000000000e+01 6.397717229921260351e-01
8.500000000000000000e+01 6.388148401574800239e-01
8.600000000000000000e+01 6.418693590551179939e-01
8.700000000000000000e+01 6.431864451968509755e-01
8.800000000000000000e+01 6.467535796850389929e-01
8.900000000000000000e+01 6.483168955905509456e-01
9.000000000000000000e+01 6.481115691338580342e-01
9.100000000000000000e+01 6.490499688188979821e-01
9.200000000000000000e+01 6.504374554330709657e-01
9.300000000000000000e+01 6.507192363779530364e-01
9.400000000000000000e+01 6.503991510236220019e-01
9.500000000000000000e+01 6.478032395275590272e-01
9.600000000000000000e+01 6.496792571653540183e-01
9.700000000000000000e+01 6.478332262992120283e-01
9.800000000000000000e+01 6.489579428346460288e-01
9.900000000000000000e+01 6.483429708661420099e-01
1.000000000000000000e+02 6.483367703937009674e-01
1.010000000000000000e+02 6.470039466141730422e-01
1.020000000000000000e+02 6.450461653543310137e-01
1.030000000000000000e+02 6.445115107086609729e-01
1.040000000000000000e+02 6.439224774803149476e-01
1.050000000000000000e+02 6.458971932283470441e-01
