# Optimization step        Yield
0.000000000000000000e+00 9.864557521259840200e-01
1.000000000000000000e+00 9.840160798425190425e-01
2.000000000000000000e+00 9.813570064566929929e-01
3.000000000000000000e+00 9.784323483464569815e-01
4.000000000000000000e+00 9.752595724409449662e-01
5.000000000000000000e+00 9.716313269291340093e-01
6.000000000000000000e+00 9.679410400000000303e-01
7.000000000000000000e+00 9.639222431496069499e-01
8.000000000000000000e+00 9.597436148031489589e-01
9.000000000000000000e+00 9.555589774803150416e-01
1.000000000000000000e+01 9.515216417322840403e-01
1.100000000000000000e+01 9.474737987401570249e-01
1.200000000000000000e+01 9.436368990551180502e-01
1.300000000000000000e+01 9.402172891338590466e-01
1.400000000000000000e+01 9.366458905511809707e-01
1.500000000000000000e+01 9.337516318110230529e-01
1.600000000000000000e+01 9.309059212598429500e-01
1.700000000000000000e+01 9.289321133858270407e-01
1.800000000000000000e+01 9.273760908661420332e-01
1.900000000000000000e+01 9.263064914960630336e-01
2.000000000000000000e+01 9.249996644094490295e-01
2.100000000000000000e+01 9.241351655118109631e-01
2.200000000000000000e+01 9.234837099212600542e-01
2.300000000000000000e+01 9.234202428346449665e-01
2.400000000000000000e+01 9.232586600000000088e-01
2.500000000000000000e+01 9.229156486614169541e-01
2.600000000000000000e+01 9.224132089763780185e-01
2.700000000000000000e+01 9.215628162204719809e-01
2.800000000000000000e+01 9.214695240944880128e-01
2.900000000000000000e+01 9.212441212598420082e-01
3.000000000000000000e+01 9.208302874015750206e-01
3.100000000000000000e+01 9.204238513385829545e-01
3.200000000000000000e+01 9.203011129133860102e-01
3.300000000000000000e+01 9.199891559055120016e-01
3.400000000000000000e+01 9.193996651968500133e-01
3.500000000000000000e+01 9.194306108661409738e-01
3.600000000000000000e+01 9.192323171653550284e-01
3.700000000000000000e+01 9.188550911811019795e-01
3.800000000000000000e+01 9.183712851968499624e-01
3.900000000000000000e+01 9.185761234645669626e-01
4.000000000000000000e+01 9.188732530708659807e-01
4.100000000000000000e+01 9.194458368503940493e-01
4.200000000000000000e+01 9.194834995275590339e-01
4.300000000000000000e+01 9.192892973228340425e-01
4.400000000000000000e+01 9.188696787401580135e-01
4.500000000000000000e+01 9.187623708661419863e-01
4.600000000000000000e+01 9.187877039370080379e-01
4.700000000000000000e+01 9.189320551181100472e-01
4.800000000000000000e+01 9.192241603149610141e-01
4.900000000000000000e+01 9.194473267716539722e-01
5.000000000000000000e+01 9.191476611023630117e-01
5.100000000000000000e+01 9.190223409448819991e-01
5.200000000000000000e+01 9.190876274015750136e-01
5.300000000000000000e+01 9.193642499212599795e-01
5.400000000000000000e+01 9.189626735433069626e-01
5.500000000000000000e+01 9.186437781102360089e-01
5.600000000000000000e+01 9.183453551181099961e-01
5.700000000000000000e+01 9.182326288188980001e-01
5.800000000000000000e+01 9.178128748031499917e-01
5.900000000000000000e+01 9.172196869291340260e-01
6.000000000000000000e+01 9.167347907086610403e-01
6.100000000000000000e+01 9.165146182677169628e-01
6.200000000000000000e+01 9.162297943307089465e-01
6.300000000000000000e+01 9.160048644094489489e-01
6.400000000000000000e+01 9.160378478740159869e-01
6.500000000000000000e+01 9.159306548031499462e-01
6.600000000000000000e+01 9.152678069291340091e-01
6.700000000000000000e+01 9.151510818897640176e-01
6.800000000000000000e+01 9.157074124409450011e-01
6.900000000000000000e+01 9.163790363779530379e-01
7.000000000000000000e+01 9.165910848818900059e-01
7.100000000000000000e+01 9.169167422047239668e-01
7.200000000000000000e+01 9.168326908661420527e-01
7.300000000000000000e+01 9.168618622047239874e-01
7.400000000000000000e+01 9.174315661417320467e-01
7.500000000000000000e+01 9.180446537007880270e-01
7.600000000000000000e+01 9.176838795275590321e-01
7.700000000000000000e+01 9.182233001574799935e-01
7.800000000000000000e+01 9.181903513385829552e-01
7.900000000000000000e+01 9.187253851968509855e-01
8.000000000000000000e+01 9.188695862992120045e-01
8.100000000000000000e+01 9.187995995275589634e-01
8.200000000000000000e+01 9.191542596850400537e-01
8.300000000000000000e+01 9.193357845669289929e-01
8.400000000000000000e+01 9.193507869291339674e-01
8.500000000000000000e+01 9.189202513385830162e-01
8.600000000000000000e+01 9.188123251968499661e-01
8.700000000000000000e+01 9.188408576377949943e-01
8.800000000000000000e+01 9.190450236220469860e-01
8.900000000000000000e+01 9.185613820472440239e-01
9.000000000000000000e+01 9.187860678740159548e-01
9.100000000000000000e+01 9.178862198425199459e-01
9.200000000000000000e+01 9.178406692913390064e-01
9.300000000000000000e+01 9.178259033070870210e-01
9.400000000000000000e+01 9.181220951181100487e-01
9.500000000000000000e+01 9.178066396850399489e-01
9.600000000000000000e+01 9.172297919685039602e-01
9.700000000000000000e+01 9.176630733858269773e-01
9.800000000000000000e+01 9.178110039370079853e-01
9.900000000000000000e+01 9.182605062992129641e-01
1.000000000000000000e+02 9.185385225196860404e-01
1.010000000000000000e+02 9.186402779527560458e-01
1.020000000000000000e+02 9.192342689763780550e-01
1.030000000000000000e+02 9.191693853543310144e-01
1.040000000000000000e+02 9.192239822047250097e-01
1.050000000000000000e+02 9.185364951181099746e-01
