# Optimization step        Yield
0.000000000000000000e+00 9.864557521259840200e-01
1.000000000000000000e+00 9.838210565354329473e-01
2.000000000000000000e+00 9.809165283464570395e-01
3.000000000000000000e+00 9.775219374803150174e-01
4.000000000000000000e+00 9.736006297637800344e-01
5.000000000000000000e+00 9.691480455118109960e-01
6.000000000000000000e+00 9.642166467716529743e-01
7.000000000000000000e+00 9.584842864566920362e-01
8.000000000000000000e+00 9.522376436220469920e-01
9.000000000000000000e+00 9.452666253543310360e-01
1.000000000000000000e+01 9.378288348031500465e-01
1.100000000000000000e+01 9.300388333858270462e-01
1.200000000000000000e+01 9.214778907086620396e-01
1.300000000000000000e+01 9.123310796850400139e-01
1.400000000000000000e+01 9.037868869291340035e-01
1.500000000000000000e+01 8.948807896062990208e-01
1.600000000000000000e+01 8.851394193700780066e-01
1.700000000000000000e+01 8.763608103937009508e-01
1.800000000000000000e+01 8.671010555905509509e-01
1.900000000000000000e+01 8.578651741732280511e-01
2.000000000000000000e+01 8.495622281889769756e-01
2.100000000000000000e+01 8.406917555905519812e-01
2.200000000000000000e+01 8.324921064566930262e-01
2.300000000000000000e+01 8.255160083464559984e-01
2.400000000000000000e+01 8.200250623622049595e-01
2.500000000000000000e+01 8.139052508661419605e-01
2.600000000000000000e+01 8.079670129133850187e-01
2.700000000000000000e+01 8.021431007874010310e-01
2.800000000000000000e+01 7.966671185826770252e-01
2.900000000000000000e+01 7.915363042519679704e-01
3.000000000000000000e+01 7.858943585826769773e-01
3.100000000000000000e+01 7.805449777952759849e-01
3.200000000000000000e+01 7.795740637795279815e-01
3.300000000000000000e+01 7.779260713385820480e-01
3.400000000000000000e+01 7.748952661417319865e-01
3.500000000000000000e+01 7.717352281889769960e-01
3.600000000000000000e+01 7.712087992125979952e-01
3.700000000000000000e+01 7.689020450393699857e-01
3.800000000000000000e+01 7.668783047244089879e-01
3.900000000000000000e+01 7.662465492913379528e-01
4.000000000000000000e+01 7.669756803149609947e-01
4.100000000000000000e+01 7.692176837795280386e-01
4.200000000000000000e+01 7.682210059842520256e-01
4.300000000000000000e+01 7.675281069291339797e-01
4.400000000000000000e+01 7.674200003149600491e-01
4.500000000000000000e+01 7.660840140157479938e-01
4.600000000000000000e+01 7.674389201574800534e-01
4.700000000000000000e+01 7.680337307086609888e-01
4.800000000000000000e+01 7.686400880314959716e-01
4.900000000000000000e+01 7.674509508661410129e-01
5.000000000000000000e+01 7.673802437795269604e-01
5.100000000000000000e+01 7.695176114960630143e-01
5.200000000000000000e+01 7.685412806299209976e-01
5.300000000000000000e+01 7.688009119685039749e-01
5.400000000000000000e+01 7.692770804724410327e-01
5.500000000000000000e+01 7.702798242519689476e-01
5.600000000000000000e+01 7.698056510236219729e-01
5.700000000000000000e+01 7.670271096062990512e-01
5.800000000000000000e+01 7.664688407874009624e-01
5.900000000000000000e+01 7.653788240944879862e-01
6.000000000000000000e+01 7.657903855118110004e-01
6.100000000000000000e+01 7.650781316535429921e-01
6.200000000000000000e+01 7.672673195275589997e-01
6.300000000000000000e+01 7.672751746456689670e-01
6.400000000000000000e+01 7.685700270866140382e-01
6.500000000000000000e+01 7.675497040944879723e-01
6.600000000000000000e+01 7.670620281889759529e-01
6.700000000000000000e+01 7.669553611023629536e-01
6.800000000000000000e+01 7.678594697637789457e-01
6.900000000000000000e+01 7.683462510236219734e-01
7.000000000000000000e+01 7.698694240944879974e-01
7.100000000000000000e+01 7.689874433070870152e-01
7.200000000000000000e+01 7.686744502362200526e-01
7.300000000000000000e+01 7.681380932283470298e-01
7.400000000000000000e+01 7.683734466141729502e-01
7.500000000000000000e+01 7.680240881889770499e-01
7.600000000000000000e+01 7.658013540157490029e-01
7.700000000000000000e+01 7.662154976377949511e-01
7.800000000000000000e+01 7.649545056692920175e-01
7.900000000000000000e+01 7.649715229921260073e-01
8.000000000000000000e+01 7.680400944881889957e-01
8.100000000000000000e+01 7.686872757480309737e-01
8.200000000000000000e+01 7.676176025196850272e-01
8.300000000000000000e+01 7.687172721259849517e-01
8.400000000000000000e+01 7.695696020472430066e-01
8.500000000000000000e+01 7.706568338582669986e-01
8.600000000000000000e+01 7.714286168503939889e-01
8.700000000000000000e+01 7.708151551181100514e-01
8.800000000000000000e+01 7.696217055118109718e-01
8.900000000000000000e+01 7.707465251968510511e-01
9.000000000000000000e+01 7.697225985826779970e-01
9.100000000000000000e+01 7.687097688188979649e-01
9.200000000000000000e+01 7.667952310236220148e-01
9.300000000000000000e+01 7.660623203149610205e-01
9.400000000000000000e+01 7.649998248818900004e-01
9.500000000000000000e+01 7.623050644094490069e-01
9.600000000000000000e+01 7.631432111811029539e-01
9.700000000000000000e+01 7.626500959055120266e-01
9.800000000000000000e+01 7.659017313385829695e-01
9.900000000000000000e+01 7.657165557480319906e-01
1.000000000000000000e+02 7.646848540157480389e-01
1.010000000000000000e+02 7.646865382677170420e-01
1.020000000000000000e+02 7.639659807874009667e-01
1.030000000000000000e+02 7.640411513385829689e-01
1.040000000000000000e+02 7.631217146456690248e-01
1.050000000000000000e+02 7.629767872440950116e-01
