# Optimization step        Yield
0.000000000000000000e+00 9.864740084799999975e-01
1.000000000000000000e+00 9.837937958400000404e-01
2.000000000000000000e+00 9.807701368000000253e-01
3.000000000000000000e+00 9.771389712000000394e-01
4.000000000000000000e+00 9.728591784000000242e-01
5.000000000000000000e+00 9.679592567999999453e-01
6.000000000000000000e+00 9.622022739200000174e-01
7.000000000000000000e+00 9.553059799999999990e-01
8.000000000000000000e+00 9.473640251199999529e-01
9.000000000000000000e+00 9.383033630399999492e-01
1.000000000000000000e+01 9.274550534400000101e-01
1.100000000000000000e+01 9.149303568000000109e-01
1.200000000000000000e+01 9.004001302399999851e-01
1.300000000000000000e+01 8.831008512000000366e-01
1.400000000000000000e+01 8.641408196800000052e-01
1.500000000000000000e+01 8.418382505600009447e-01
1.600000000000000000e+01 8.163375723200000378e-01
1.700000000000000000e+01 7.875122574399999742e-01
1.800000000000000000e+01 7.550657548800000507e-01
1.900000000000000000e+01 7.173309652799999547e-01
2.000000000000000000e+01 6.777715511999999887e-01
2.100000000000000000e+01 6.324348150399999868e-01
2.200000000000000000e+01 5.818716144000000146e-01
2.300000000000000000e+01 5.263121894400000222e-01
2.400000000000000000e+01 4.669592107200000175e-01
2.500000000000000000e+01 4.032162294400000180e-01
2.600000000000000000e+01 3.361226088000000001e-01
2.700000000000000000e+01 2.646694563199999961e-01
2.800000000000000000e+01 1.981266646400000053e-01
2.900000000000000000e+01 1.316876166400000048e-01
3.000000000000000000e+01 7.592007408000001067e-02
3.100000000000000000e+01 3.755409760000000263e-02
3.200000000000000000e+01 1.625861791999999931e-02
3.300000000000000000e+01 6.146034240000004117e-03
3.400000000000000000e+01 2.523541920000000032e-03
3.500000000000000000e+01 1.055431840000000017e-03
3.600000000000000000e+01 4.981576000000001447e-04
3.700000000000000000e+01 2.594732800000001016e-04
3.800000000000000000e+01 1.415907200000000009e-04
3.900000000000000000e+01 7.844879999999993913e-05
4.000000000000000000e+01 4.946896000000002111e-05
4.100000000000000000e+01 2.917999999999999167e-05
4.200000000000000000e+01 1.670943999999999904e-05
4.300000000000000000e+01 1.236831999999999952e-05
4.400000000000000000e+01 6.060000000000001272e-06
4.500000000000000000e+01 4.620800000000000719e-06
4.600000000000000000e+01 4.448799999999998809e-06
4.700000000000000000e+01 3.438400000000000825e-06
4.800000000000000000e+01 2.362400000000000031e-06
4.900000000000000000e+01 1.386399999999999974e-06
5.000000000000000000e+01 7.734400000000000224e-07
5.100000000000000000e+01 6.033600000000000771e-07
5.200000000000000000e+01 3.945600000000000073e-07
5.300000000000000000e+01 3.385599999999999823e-07
5.400000000000000000e+01 4.268800000000000214e-07
5.500000000000000000e+01 4.241600000000000077e-07
5.600000000000000000e+01 2.603199999999999911e-07
5.700000000000000000e+01 1.063999999999999998e-07
5.800000000000000000e+01 3.200000000000000117e-09
5.900000000000000000e+01 4.960000000000000077e-08
6.000000000000000000e+01 1.310399999999999875e-07
6.100000000000000000e+01 2.387200000000000094e-07
6.200000000000000000e+01 1.584000000000000155e-08
6.300000000000000000e+01 7.519999999999999840e-08
6.400000000000000000e+01 2.390400000000000017e-07
6.500000000000000000e+01 0.000000000000000000e+00
6.600000000000000000e+01 8.160000000000000277e-08
6.700000000000000000e+01 7.360000000000000227e-09
6.800000000000000000e+01 0.000000000000000000e+00
6.900000000000000000e+01 4.704000000000000300e-08
7.000000000000000000e+01 4.656000000000000134e-08
7.100000000000000000e+01 0.000000000000000000e+00
7.200000000000000000e+01 4.960000000000000243e-09
7.300000000000000000e+01 1.839999999999999933e-08
7.400000000000000000e+01 1.600000000000000058e-09
7.500000000000000000e+01 1.120000000000000061e-09
7.600000000000000000e+01 4.799999999999999968e-10
7.700000000000000000e+01 0.000000000000000000e+00
7.800000000000000000e+01 0.000000000000000000e+00
7.900000000000000000e+01 0.000000000000000000e+00
8.000000000000000000e+01 0.000000000000000000e+00
8.100000000000000000e+01 0.000000000000000000e+00
8.200000000000000000e+01 0.000000000000000000e+00
8.300000000000000000e+01 3.648000000000001299e-08
8.400000000000000000e+01 0.000000000000000000e+00
8.500000000000000000e+01 0.000000000000000000e+00
8.600000000000000000e+01 0.000000000000000000e+00
8.700000000000000000e+01 0.000000000000000000e+00
8.800000000000000000e+01 0.000000000000000000e+00
8.900000000000000000e+01 0.000000000000000000e+00
9.000000000000000000e+01 0.000000000000000000e+00
9.100000000000000000e+01 0.000000000000000000e+00
9.200000000000000000e+01 0.000000000000000000e+00
9.300000000000000000e+01 0.000000000000000000e+00
9.400000000000000000e+01 0.000000000000000000e+00
9.500000000000000000e+01 0.000000000000000000e+00
9.600000000000000000e+01 0.000000000000000000e+00
9.700000000000000000e+01 0.000000000000000000e+00
9.800000000000000000e+01 0.000000000000000000e+00
9.900000000000000000e+01 0.000000000000000000e+00
1.000000000000000000e+02 0.000000000000000000e+00
1.010000000000000000e+02 0.000000000000000000e+00
1.020000000000000000e+02 0.000000000000000000e+00
1.030000000000000000e+02 0.000000000000000000e+00
1.040000000000000000e+02 2.384000000000000039e-08
1.050000000000000000e+02 0.000000000000000000e+00
