# Optimal D[i,j], i=1,8; j=i+1,8
   7.00196002812484     
  4.175238921941248E-002
   3.90536972328557     
   10.0000000000000     
  0.000000000000000E+000
  0.000000000000000E+000
   9.92808451589729     
   3.40806307165226     
   10.0000000000000     
   3.83239555143425     
   8.05730435706737     
   7.26374491509747     
   3.76003402994304     
   6.31440607866632     
  0.000000000000000E+000
   10.0000000000000     
   10.0000000000000     
  0.000000000000000E+000
   6.55231163068466     
   3.50712860619147     
   3.49956882492598     
   7.05527752280566     
  0.000000000000000E+000
   10.0000000000000     
  0.000000000000000E+000
  0.000000000000000E+000
   10.0000000000000     
  0.229403516403008     
