# Optimal D[i,j], i=1,8; j=i+1,8
  0.000000000000000E+000
   9.81566383954350     
   10.0000000000000     
  0.000000000000000E+000
   4.61210270598235     
  0.000000000000000E+000
   4.66376743695790     
   10.0000000000000     
  0.000000000000000E+000
   9.87903790259836     
   3.09155227362245     
   10.0000000000000     
   4.66029013738470     
  0.000000000000000E+000
   8.77512185958565     
   3.65991276047276     
  0.000000000000000E+000
   5.59223471881872     
  0.000000000000000E+000
   5.28711591693455     
   10.0000000000000     
   4.57963976308022     
   9.17528758712033     
  0.000000000000000E+000
  0.000000000000000E+000
   5.39033324373884     
  0.000000000000000E+000
   5.14058595214948     
