# Optimal D[i,j], i=1,7; j=i+1,7
  0.000000000000000E+000
   4.73059477431595     
  0.000000000000000E+000
   10.0000000000000     
   5.17955330524731     
   10.0000000000000     
   4.71991227986847     
   10.0000000000000     
   9.98209987980241     
   5.35476204644031     
  0.000000000000000E+000
   4.90656535927411     
   5.46809832840534     
  0.000000000000000E+000
   4.71129910733708     
  0.000000000000000E+000
   4.46168616743449     
   9.87678898263341     
   4.49299099921297     
  0.000000000000000E+000
   4.87870733398368     
