# Optimal D[i,j], i=1,8; j=i+1,8
   9.88113737246642
   7.65054438788735
  0.000000000000000E+000
   9.95594106478184
  0.000000000000000E+000
   9.88191499458687
   10.0000000000000
  0.000000000000000E+000
   10.0000000000000
   10.0000000000000
  1.888985423791606E-002
   9.76864136051085
   3.52875884403557
  0.477390429633844
  0.507985739600313
   10.0000000000000
   10.0000000000000
   9.50198811979389
   8.00222596306810
  0.000000000000000E+000
   8.60165062958154
  2.798822342470126E-003
  0.000000000000000E+000
   7.72271532440538
   10.0000000000000
   8.34901574844628
   10.0000000000000
   10.0000000000000
