# Optimal D[i,j], i=1,8; j=i+1,8
   10.0000000000000     
  0.112479128113554     
  0.000000000000000E+000
   2.29453751350559     
   9.20568697396685     
  5.768873951012350E-003
   10.0000000000000     
   10.0000000000000     
   9.00430169177132     
  0.000000000000000E+000
   10.0000000000000     
  0.000000000000000E+000
   9.95061527428888     
   9.45775490199820     
   9.95916939850769     
   7.38802598365546     
   9.73560640672441     
   10.0000000000000     
   10.0000000000000     
   9.37530987102837     
   9.63441993800360     
   10.0000000000000     
  0.348668035229568     
   9.28385107095792     
  1.777419791637632E-002
  0.143781918943220     
   9.94286303486128     
   9.93428464923608     
