# Optimal D[i,j], i=1,8; j=i+1,8
  0.000000000000000E+000
  0.000000000000000E+000
   10.0000000000000     
   6.93048675424702     
   7.17393558236168     
  0.000000000000000E+000
  0.000000000000000E+000
  0.000000000000000E+000
  5.164048844734048E-002
   4.97374131558064     
   6.34380760773862     
   10.0000000000000     
   9.94185865587044     
   10.0000000000000     
   6.08163650487759     
   6.07440477927986     
   10.0000000000000     
  0.000000000000000E+000
   6.68184546072590     
   6.11577596185653     
  0.000000000000000E+000
  0.000000000000000E+000
   10.0000000000000     
   4.49264066543270     
   7.99550125027630     
   6.19183198872901     
   2.46708910645577     
   9.64336827397317     
