# Optimal D[i,j], i=1,8; j=i+1,8
   6.12883777411111     
   5.37006566888594     
  0.000000000000000E+000
   6.71973896026087     
   6.46200781001298     
   6.16530469696997     
   10.0000000000000     
  0.000000000000000E+000
   8.41636314089794     
  0.000000000000000E+000
   10.0000000000000     
   10.0000000000000     
   4.45577992138385     
  0.000000000000000E+000
   10.0000000000000     
  0.449553880071301     
   10.0000000000000     
   6.39085804506092     
  0.000000000000000E+000
  0.000000000000000E+000
   9.98545586322914     
   9.54947669057480     
  0.000000000000000E+000
  0.000000000000000E+000
   7.39034431911684     
  0.000000000000000E+000
   7.59018490850495     
   4.38374722568565     
