# Optimal D[i,j], i=1,8; j=i+1,8
   9.49589544952012     
   8.85657751743594     
   8.83664231904855     
  0.716044521002575     
  0.388208250269736     
  0.778761273801999     
   9.28802447517593     
   9.17804815360022     
   10.0000000000000     
   10.0000000000000     
  0.000000000000000E+000
   10.0000000000000     
   9.39819654916143     
   9.64104867082536     
  0.512164898185176     
  0.198638458965975     
  0.328798234411180     
   10.0000000000000     
   9.78681763155079     
   10.0000000000000     
  0.000000000000000E+000
   8.77879378576379     
   10.0000000000000     
   9.59645630025930     
  0.000000000000000E+000
   10.0000000000000     
   10.0000000000000     
   10.0000000000000     
