# Optimal D[i,j], i=1,8; j=i+1,8
   10.0000000000000     
   9.70268336349651     
   8.70537759360717     
  0.000000000000000E+000
   7.95013028247403     
   9.28093784560045     
   10.0000000000000     
   10.0000000000000     
   7.94347601847045     
  0.247341277626018     
  0.812242423286261     
   10.0000000000000     
   4.89248496493637     
   9.59697749404213     
   9.39047536953597     
  0.998632140787054     
   8.24489130348587     
   8.84757194387351     
  0.000000000000000E+000
  0.000000000000000E+000
  4.413379644161378E-003
  0.000000000000000E+000
  0.000000000000000E+000
   10.0000000000000     
   9.75312508129417     
   9.60170415541811     
   10.0000000000000     
   7.71742703417042     
